대여소 그룹,팀명,대여소 명,대여 건수
강남구,학여울1팀,2391. 구룡터널 입구(개포1단지아파트),7
성동구,테스트,9980. 에이텍,21
서초구,이수1팀,4314. 탑성마을 버스정거장 옆,24
서초구,이수1팀,4322.서울추모공원 입구,25
서초구,이수1팀,2286. 탑성마을입구,32
서초구,이수1팀,2287. 능안마을입구,33
서초구,이수1팀,2288. 안골마을입구,36
성동구,중랑2팀,3527. 왕십리 자이아파트,43
성동구,중랑2팀,3538. 서울숲 IT캐슬,44
강동구,천호1팀,3677. 강동구음식물재활용센터,55
종로구,세종로1팀,4709. 천지인 오피스텔 앞,74
서초구,이수1팀,2536.서초종합체육관 입구,77
강남구,학여울1팀,2395. 개포1단지아파트 입구 (보도육교),80
서초구,이수1팀,2275. 염곡치안센터 건너편,82
강남구,학여울2팀,2343. 세곡사거리 대왕파출소 앞,83
금천구,천왕3팀,3971. 순흥안씨묘 건너편,84
강남구,학여울2팀,3610. 윗반마을 입구,87
강남구,이수1팀,2393. 구룡사 앞 교차로 (보도육교),97
종로구,세종로1팀,462. 신영동삼거리(북악터널방향),108
구로구,천왕1팀,2813.항동지구 3단지 302동 앞,114
서초구,이수1팀,2541.옛골 입구,115
성동구,중랑2팀,4363. 신금호역 2번출구 앞,117
마포구,상암1팀,3003.래미안신공덕3차아파트,118
양천구,개화4팀,4538. 양천공영차고지,122
강남구,학여울1팀,3620. 청담역 11번 출구,124
종로구,세종로1팀,447. 신영동삼거리,125
서초구,이수2팀,2228.뒷벌공원 옆,131
강남구,학여울1팀,3648. 구룡역 4번 출구,133
서초구,이수2팀,2506. LG유플러스 (방배사옥),138
종로구,세종로1팀,4702. 평창동 주민센터,138
송파구,학여울2팀,2612. 문정·가락 대여소 앞,139
서초구,이수2팀,2289. 남태령역 2번출구,140
강북구,도봉4팀,1550.삼각산아이원아파트(105동 옆),141
금천구,천왕3팀,3972. 산기슭공원 앞,141
용산구,세종로3팀,865.하얏트호텔 앞,142
서초구,이수1팀,2201. 본마을 정류소 앞,143
노원구,도봉2팀,4044. 공릉산 백세문 입구,143
동작구,이수2팀,2068. 총신대 앞(육교),145
성동구,중랑2팀,564. 금호역 3번출구,145
강서구,개화1팀,3781. 강서아동복지센터,146
용산구,세종로3팀,859.남산공원 야외식물원 앞,148
동작구,이수2팀,2093.상도SH빌아파트 입구,150
서초구,이수2팀,4318. 방배역 2번 출구,152
구로구,천왕1팀,2816.항동지구 8단지 803동옆(주차장입구),153
관악구,이수2팀,2199.신봉천주유소 A,153
중구,훈련원1팀,381. 장충체육관,157
관악구,영남2팀,3306.서울신우초등학교,159
마포구,상암1팀,4240. 아현문화건강센터,160
중랑구,중랑3팀,1424. 양원역 2번출구,161
종로구,훈련원1팀,3418.창신역2번 출구,162
구로구,천왕1팀,2805.구로자원순환센터,163
광진구,중랑1팀,3878. 장로회신학대학교 주기철 기념관,164
양천구,개화4팀,4523. 구립양천어르신요양센터,164
은평구,상암3팀,991.흥국사 정류장,166
종로구,세종로1팀,3430.구기치안센터 앞,170
서초구,이수1팀,4310. 염곡동(염통골) 입구,173
구로구,천왕1팀,2810.항동지구 3단지 311동 앞,174
강남구,학여울2팀,3624. 대모산입구역 7번 출구 앞,175
서초구,이수1팀,2207. 내곡파출소 뒤 정자,175
성동구,중랑2팀,3532. 왕십리KCC스위첸아파트,175
서초구,이수1팀,4323. 내곡도서관,178
서초구,이수1팀,2248. 서초리슈빌S 글로벌 앞,178
송파구,천호2팀,4853. 송파 안전체험교육관,180
강남구,학여울1팀,2392. 구룡산 입구 (구룡산 서울둘레길 입구),180
중구,훈련원1팀,4777. 약수동 주민센터,181
노원구,도봉2팀,1680. 삼육대 제3과학관,184
종로구,훈련원1팀,3401.창신두산아파트,186
강남구,학여울2팀,2425.세곡동 사거리(대왕초등학교 정류장),186
광진구,중랑1팀,3563.구의7단지현대아파트,188
서초구,이수3팀,4305. 서일스포츠센터,188
서초구,이수1팀,2257. 청계산 입구 삼거리,189
성북구,훈련원2팀,4417. 성북청소년문화의집,191
용산구,세종로3팀,4612. 한남 준 J.FSS 앞,192
성북구,훈련원2팀,1352. e 편한세상 보문아파트 내,192
은평구,상암3팀,968. 은평뉴타운 상림마을 13단지,192
노원구,도봉2팀,1675. 월계문화체육센터,193
성동구,중랑2팀,523. 옥수동성당 옆,195
은평구,상암3팀,937. 상림마을 롯데캐슬2단지 옆,197
종로구,세종로1팀,3403.서울특별시 교육청,198
서초구,이수1팀,4309. 서초케이타운앞,198
강남구,학여울1팀,3647. 구룡역 1번 출구,198
서초구,이수3팀,4324. 세화고등학교,198
동작구,영남2팀,2096.서울특별시 동작관악교육지원청,198
중구,세종로 4팀,4760. 서울역 7번출구,199
송파구,천호2팀,4883. 위례포레샤인18단지 1812동,201
동작구,이수2팀,2078.흑석 아크로리버하임(103동),202
은평구,상암3팀,924. 메뚜기다리,204
금천구,천왕3팀,1864.산호시티빌 옆,205
성북구,훈련원2팀,1342. 성북쉼터 앞,205
중랑구,중랑3팀,1467.sk신내 주유소앞(용마산로),205
강동구,천호1팀,1052. 리싸이클시티,205
구로구,천왕1팀,2806.항동지구 4단지 입구,205
서초구,이수2팀,2284. CJ오쇼핑앞,208
광진구,중랑1팀,3524. 세종대학교,210
중구,훈련원1팀,429. 송도병원,210
구로구,천왕1팀,3920. 개봉역2번출구 B,210
관악구,이수2팀,3802. 관악구민체육센터,210
금천구,천왕3팀,1861.IBK기업은행 석수역 지점 앞,211
송파구,천호2팀,4879. 마천청소년센터,212
종로구,훈련원1팀,3404.서울특별시 중부교육지원청,212
금천구,천왕3팀,3970. 시흥4동주민센터 앞,214
강북구,도봉4팀,1572. 우이동 먹거리마을,215
중구,세종로 4팀,4782. 서소문역사공원,217
강동구,천호1팀,1039. 고덕초등학교,219
금천구,천왕3팀,1852. 혜명양로원 담장 옆,220
금천구,천왕3팀,1855. 성지아파트 옆 도로변,222
강동구,천호1팀,1089.고덕 래미안힐스테이트(201동),223
영등포구,영남3팀,5852. 대림동현대2차 201동 앞,224
중구,세종로 4팀,484.도동삼거리,224
용산구,세종로 4팀,4617. 동원베네스트 건너편,225
강남구,학여울1팀,3622. 은마아파트입구 사거리(1),227
은평구,상암3팀,969. 은평 지웰테라스,228
강남구,학여울2팀,3602. 한국지역난방공사강남지사,229
강동구,천호1팀,3652. 한영외국어고등학교,230
서대문구,상암2팀,4265. 안산초등학교 앞,231
성북구,훈련원2팀,1392.돈암삼성풍림아파트,231
서초구,이수1팀,4319. 삼성전자R&D어린이집 뒤,232
은평구,상암3팀,938. 금암 문화공원,232
종로구,세종로1팀,486. 평창동주민센터 앞,233
관악구,이수2팀,3810. 신봉천주유소 B,234
성북구,훈련원2팀,1377. 한국과학기술연구원 북문,237
중랑구,중랑3팀,4830. 신내 우디안 111동 앞,238
용산구,세종로3팀,4611. 국제루터교회 앞,239
송파구,천호2팀,1283. 오금공원 사거리,241
용산구,세종로3팀,803. 한남초교 앞 보도육교,242
동작구,이수2팀,2079.중앙대학교 중앙광장,242
용산구,세종로3팀,854.HID 유족동지회 앞,242
강동구,천호1팀,1066.생태공원앞 교차로(조명탑),243
구로구,천왕1팀,2809.항동지구 11단지 1103동 앞,244
영등포구,영남3팀,200. 국회의원회관,246
송파구,학여울2팀,2659.서울친환경유통센터,246
동작구,이수2팀,2064. 흑석한강푸르지오 106동앞,247
서초구,이수3팀,2519.서초2교(사임당로 방면),248
종로구,세종로2팀,465. 삼청공원 앞,249
강동구,천호1팀,3539. 서원마을,251
구로구,천왕1팀,3911. 항동하버리안2단지아파트 후문,251
강남구,학여울1팀,3649. 구룡역 5번 출구,251
관악구,영남2팀,2141. 미림여고입구 교차로,251
서초구,이수3팀,2532.국립국악원 앞,251
동작구,이수2팀,2092.흑석한강푸르지오(110동),253
성동구,중랑2팀,3555.양지사거리(센트라스APT 115동앞),254
중구,세종로 4팀,443.호암아트홀,254
서초구,이수2팀,2225.백석예술대학교 제3캠퍼스 앞,255
구로구,천왕1팀,2807.항동지구 1단지 105동 앞,256
종로구,세종로1팀,3429.HW컨벤션센터 앞,261
중랑구,중랑3팀,1445. 용마지구대,261
송파구,학여울2팀,1242. 문정 법조단지6,262
강서구,개화1팀,1101. 개화동상사마을종점 버스정류장,262
성북구,훈련원2팀,1376. 한국과학기술연구원 중문,262
구로구,천왕1팀,3915. 동선아파트 앞,263
구로구,천왕1팀,2814.항동지구 10단지 1001동 앞,264
용산구,세종로3팀,4608. 국립중앙박물관 정문 앞,264
금천구,천왕3팀,1816. 금천폭포공원 앞,264
구로구,천왕1팀,1951. 천왕이펜하우스 4단지 후문,265
송파구,천호2팀,4479. 문정중학교,266
은평구,상암3팀,4668. 기자촌사거리,266
중구,세종로 4팀,4772. 중앙일보,266
송파구,학여울2팀,4488. 문현중.고등학교 사이,266
서초구,이수3팀,2517.서초3교(효령로69길 방면),266
중랑구,중랑3팀,4802. 새우개마을,267
송파구,천호2팀,2609. 보성중고등학교 후문 앞,270
용산구,세종로3팀,855.이촌역5번출구 앞,271
강남구,학여울2팀,3637. 세곡데이케어센터,271
강남구,학여울1팀,3616. 역삼중학교 앞(체육관 방향),273
노원구,도봉2팀,4021. 중계본동 입구,275
송파구,천호2팀,4896. 위례포레샤인15단지,275
성북구,훈련원2팀,1379.길음뉴타운푸르지오아파트 3단지,275
구로구,천왕1팀,2808.항동지구 2단지 202동 앞,275
금천구,천왕3팀,1836. 금천구립 독산도서관,280
마포구,상암1팀,4239. 성산2동 주민센터,281
동작구,이수2팀,2061. 한강 현대아파트 건너편,282
강남구,학여울2팀,2403. 공무원연금매점 교차로 (개포주공9단지 입구),282
금천구,천왕3팀,3967. 혜명양로원 담장 옆(2),282
강동구,천호1팀,1062. 고덕숲 아이파크 2,284
종로구,세종로1팀,3428.서울미술관,286
성동구,중랑2팀,556. 달맞이공원,286
동작구,이수2팀,2040. 비계 버스정류소,290
송파구,천호2팀,4473. 마천금호어울림 1차 102동앞,292
용산구,세종로3팀,847. 국방부민원실옆,292
강남구,학여울1팀,2352. 서울본부세관(건설회관 앞),292
중구,세종로 4팀,4801. 충정로역 2호선(엘리베이터 앞),293
용산구,세종로3팀,4613. 서울갤러리아 앞,294
강남구,학여울2팀,2383. 보금자리정원,295
은평구,상암3팀,974.연신초등학교옆 마을마당,296
동작구,영남2팀,4158. 노량진근린공원,296
구로구,천왕1팀,3902. 항동지구5단지 501동 앞,296
강동구,천호1팀,1007.암사동 선사유적지,300
금천구,천왕3팀,1847. 독산주공 14단지 버스정류소,300
용산구,세종로3팀,812. 용산전쟁기념관,302
금천구,천왕3팀,1866.서울안천초등학교 옆,303
강남구,학여울1팀,2417.선정릉 디캠프(D.CAMP)앞,304
강남구,학여울2팀,2401. 밀알학교 입구 (삼성서울병원 입구),304
관악구,이수2팀,2165. JK장평타워,305
금천구,천왕3팀,3973. 독산2동주민센터 앞,306
중랑구,중랑3팀,4840. 서울시 북부병원 앞,306
강남구,학여울1팀,2350. 래미안그레이튼102동앞,307
도봉구,도봉3팀,1723. 방학동학마을도서관,307
구로구,천왕1팀,1969. 궁동생태공원,309
중랑구,중랑3팀,4829. 신내동 한살림 중랑지구 북축,309
금천구,천왕2팀,1850. 코오롱테크노밸리,311
중랑구,중랑3팀,4834. 용마복지센터 앞,313
금천구,천왕3팀,1857. 주공14단지,314
강동구,천호1팀,3661. 명일동신동아아파트 앞,315
종로구,세종로1팀,3431.로제우스 레포츠센터,315
중랑구,중랑3팀,1463.중랑구민회관,317
중랑구,중랑3팀,1406. 망우청소년수련관,317
강남구,학여울2팀,2376. 수서역 6번출구 앞,317
금천구,천왕3팀,1842. 한울중학교,319
서대문구,상암2팀,3111.무악재역 4번 출구,319
강서구,개화2팀,3766. 강서문화센터,320
송파구,학여울2팀,1250.문정2동 주민센터,321
서초구,이수3팀,2282. 방배래미안아트힐 101동앞,321
광진구,중랑1팀,3564.나루마당,324
서초구,이수1팀,2249. 우솔초등학교 맞은편,324
강남구,학여울1팀,2334. 삼호아파트 2동 ( 간선도로),325
중랑구,중랑3팀,1453. 중랑캠핑숲,325
서초구,이수3팀,2510. JW타워,327
용산구,세종로3팀,831. 이태원관광특구입구,327
관악구,이수2팀,3806. 낙성대 교수아파트,329
강남구,학여울1팀,2354. 청담역 2번출구,329
중랑구,중랑3팀,1410. 면목 대원칸타빌아파트,330
금천구,천왕3팀,3974. 안천중학교,330
은평구,상암3팀,4672. 준빌딩 앞,332
양천구,개화2팀,4519. 양원보도육교,333
강남구,학여울1팀,3615. 서울 논현동우체국 앞,333
중랑구,중랑3팀,1422. 신내우디안아파트 1단지,335
송파구,천호2팀,4461. 한양3차아파트 3동 앞,337
용산구,세종로 4팀,827. 국군복지단,337
서초구,이수1팀,2203. 청계산입구역 2번출구,338
성북구,훈련원2팀,1314. 정릉꿈에그린1단지 201동 앞,338
용산구,세종로3팀,4623. 라인프랜즈이태원점 앞,340
종로구,세종로1팀,451. 청와대앞길,341
강서구,개화1팀,1200. 개화광역환승센터,343
마포구,상암1팀,410. 상암중학교 옆,343
강동구,천호1팀,3672. 고덕중학교 후문,344
강북구,도봉4팀,1510. 번동주공5단지 관리사무소 앞,344
구로구,천왕2팀,1979. 구로1동우체국 앞,345
강북구,도봉4팀,3714. 송천센트레빌,346
서대문구,상암1팀,4266.국민연금공단충정로사옥,346
강남구,학여울1팀,2304. 대현그린타워,347
관악구,이수2팀,2130. 영어마을 관악캠프,348
구로구,천왕1팀,3910. 목양전원교회 앞 로터리,348
은평구,상암3팀,945. 기자촌 사거리,350
성북구,훈련원2팀,1353. 금호어울림센터힐 내,350
강서구,개화1팀,1188. 롯데중앙연구소,351
강남구,학여울1팀,2398. 더라움,351
광진구,중랑1팀,3503. 광진유진스웰,351
중구,세종로 4팀,4766. 서소문성지역사박물관,351
강동구,천호1팀,1054. 말우물 어린이 공원,352
서대문구,상암2팀,3126.남가좌동 제2공영주차장,353
강서구,개화2팀,1181. 농수산식품공사 (강서지사),354
성북구,훈련원2팀,1393.돈암육교 하단,355
도봉구,도봉3팀,1730. 도봉산역 교차로 앞,356
금천구,천왕3팀,1823. 상신정비공업 앞,356
강동구,천호1팀,1082.중앙보훈병원역3번출구,357
성동구,중랑2팀,3556.신금호파크자이APT앞,357
강남구,학여울1팀,2371. 한국우편사업진흥원,359
동대문구,훈련원4팀,616. 서울시립대 앞,359
노원구,도봉1팀,4043. 상계주공13단지 1301동,361
강북구,도봉4팀,1513. 강북구청 뒷편,362
서초구,이수3팀,2533.한가람미술관 앞,362
구로구,천왕1팀,2817.천왕이펜하우스5단지 앞,363
서대문구,상암2팀,4262. 서대문자연사박물관 입구,364
성북구,훈련원2팀,4415. 미아초교버스승강장,365
강동구,천호1팀,1038. 강일 다솜 어린이 공원,365
강서구,개화1팀,1196. 서울식물원(문화센터) 건너편,367
중구,세종로2팀,469.회현역 1번출구,367
용산구,세종로 4팀,4625. 용산공원갤러리앞,368
강남구,학여울1팀,2386. 크린랩 본사,370
용산구,세종로 4팀,823. 효창동주민센터 앞,371
은평구,상암3팀,4681.박석고개(은평소방서) 앞,371
성동구,중랑2팀,3551.성동도로사업소,371
강동구,천호1팀,1071.명일근린공원공동체텃밭,372
용산구,세종로3팀,4609. 파크타워 104동 앞,374
송파구,학여울2팀,1263. 장지공영차고지,375
강동구,천호1팀,1037. 강일리버파크 6단지,375
마포구,상암1팀,3005.마포구청 청사내,375
성북구,훈련원2팀,1370. 복자사랑 피정의 집,375
강동구,천호1팀,1034. 고덕동 래미안 힐스테이트,376
금천구,천왕3팀,1863.위너스 스포츠클럽 골프연습장옆,376
강남구,학여울1팀,2390. 구룡마을 입구 (래미안블레스티지 아파트),376
광진구,중랑1팀,3521. 현대홈타운 뒷길,377
용산구,세종로3팀,4632. 용산 푸르지오 파크타운 1단지 앞,377
마포구,상암1팀,422. 문화비축기지,379
은평구,상암3팀,992.북한산입구 정류장,380
영등포구,영남3팀,4584. 국회2문,380
은평구,상암3팀,952. 서울연신중학교,382
중구,세종로 4팀,384. 종로학원본원,382
중랑구,중랑3팀,4821. 동원초등학교 정문 앞,382
강남구,학여울1팀,2363. 강남 을지병원 교차로,382
강남구,학여울2팀,3611. 방죽마을 입구,383
강남구,학여울1팀,3630. 개포우성6차아파트 정문 앞,383
서초구,이수3팀,2526.반포경남쇼핑 앞,383
성동구,중랑2팀,3530. 왕십리자이아파트 후문(삼거리),385
은평구,상암3팀,977.신도중학교앞,386
동작구,이수2팀,2041. 사당중학교 버스정류소,388
은평구,상암2팀,934. 신사동 성당,388
노원구,도봉1팀,1635. 상계3.4동 주민센터 대여소,388
동작구,이수2팀,4153. 흑석동효사정앞,389
양천구,천왕1팀,767.신정숲속마을아파트,389
송파구,천호2팀,4882. 위례포레샤인18단지 1802동,390
송파구,천호2팀,4881. 거여동사거리 송파둘레길 입구,394
강북구,도봉4팀,1511. 번동 금호어울림아파트102동앞,394
금천구,천왕3팀,1865.금천구청앞(M빌딩),396
성동구,중랑2팀,569. 응봉현대아파트 정류소,396
관악구,영남2팀,2184. 구암초등학교 버스정류장,397
강북구,도봉4팀,3703. 신성교회 앞,399
서초구,이수3팀,4327. 몽마르뜨공원입구,399
강동구,천호1팀,3654. 강동리버스트4단지아파트 405동 앞,399
은평구,상암3팀,994.북한산생태공원입구(교통섬),402
은평구,상암2팀,901. 응암1동사무소,402
종로구,세종로1팀,3426.독립문역 2번출구 뒤,402
은평구,상암3팀,973.제각말푸르지오 5-1단지 아파트,404
종로구,훈련원1팀,4703. 쌍용아파트2단지 정문,405
도봉구,도봉3팀,1756.서울북부광역등기국,405
강동구,천호1팀,1006. 롯데캐슬 115동앞,406
중랑구,중랑3팀,1436. 동원베네스트 건물 앞,406
서초구,이수3팀,4315. 이투스교육 앞,408
관악구,이수2팀,3307.봉천고개 육교,408
강남구,학여울1팀,2382. 역삼동 sk뷰 501동앞,410
종로구,세종로1팀,3427.인왕산 아이파크 정문,411
서초구,이수3팀,2269. 주홍교 하부,411
강남구,학여울1팀,2336. 강남세브란스교차로 래미안그레이튼 104동 앞,412
영등포구,영남3팀,297.국회3문,413
중구,세종로2팀,467.한국은행,413
성동구,중랑2팀,3531. 논골사거리(금호도서관 입구),414
금천구,천왕3팀,1820. 신한은행 시흥대로금융센터지점,415
도봉구,도봉3팀,1728. 서울북부지방법원,415
서초구,이수2팀,2226. 신동아럭스빌아파트 앞,416
노원구,도봉2팀,2907. 월계중학교,417
중랑구,중랑3팀,1427. 용마산역 1번출구,417
강남구,학여울1팀,2370. 한티역 3번출구,417
중구,훈련원1팀,483.남산타운아파트 버스정류장,418
은평구,상암3팀,959. 구파발10단지 인근,420
강남구,학여울1팀,2311. 학동로 래미안 아파트 앞,420
금천구,천왕3팀,1853. 서울디자인직업전문학교 앞,422
강동구,천호1팀,3663. 암사정수센터교차로(강동롯데캐슬퍼스트아파트),423
강서구,개화2팀,3799. 국립항공박물관,424
구로구,천왕1팀,2804.항동지구 6단지 602동 앞,424
송파구,천호2팀,4888. 둔촌오륜역 2번출구,425
은평구,상암3팀,921. 신도고등학교,425
중구,훈련원1팀,428. 명보사거리,426
강동구,천호1팀,3692. 둔촌오륜역 1번 출구,426
강남구,학여울2팀,2351. 청소년수련관(수영장)앞,427
구로구,천왕1팀,1971. 오정초교 앞 보도육교,427
은평구,상암3팀,902. 진관동 은빛초등학교,428
강남구,학여울1팀,3646. 선정릉역 4번 출구,428
마포구,상암1팀,432. 마포중앙도서관,429
송파구,학여울2팀,1290. 위례송파꿈에그린아파트24단지 앞 성벽 다리 밑,429
강북구,도봉4팀,1541. 삼양역,430
은평구,상암3팀,4667. 폭포동입구 교차로,432
동작구,이수2팀,2083.흑석롯데캐슬에듀포레(107동),434
양천구,개화4팀,4516. 신진빌라,434
관악구,영남2팀,3310.영락고등학교,434
마포구,상암1팀,494.신수동주민센터,435
강남구,학여울1팀,3621. 휘문고교 사거리,436
동작구,영남2팀,4162. 노량진1동 청소년독서실,437
구로구,천왕1팀,2818.천왕이펜하우스3단지 앞,437
서대문구,상암1팀,3114.충정로역 3번 출구,437
강동구,천호1팀,1053. 동명근린공원 진입로 (아리수로),438
구로구,천왕1팀,1967. 참새공원(백곡경노당),438
동작구,이수2팀,2048. 삼일초등학교 인근,438
서초구,이수2팀,2223. 방배래미안 정문 앞,439
서초구,이수1팀,4329. SC제일은행 양재동지점 앞,440
용산구,세종로3팀,822. 이촌1동 마을공원,440
동대문구,훈련원4팀,608. 전농삼성아파트,441
성북구,훈련원2팀,1365. 선잠단지 앞,443
용산구,세종로3팀,4622. 한강중학교 앞 버스정류장,444
송파구,학여울2팀,4490. 송파파인타운 10단지 1005동,444
용산구,세종로 4팀,851.효창 푸르지오 앞,445
용산구,세종로 4팀,4604. 원효로다목적체육관 앞,445
서초구,이수3팀,2545.국립중앙도서관(국제회의장옆),445
서초구,이수3팀,2210. 반포1동 주민센터 앞,446
도봉구,도봉3팀,1731. 도봉고등학교 맞은편,448
서초구,이수3팀,4304. 서울고앞,448
강동구,천호1팀,3674. 강동리버스트7단지,448
용산구,세종로3팀,858.녹사평역3번 출구,448
성동구,중랑2팀,534. 금호사거리,449
구로구,천왕2팀,2825.초롱타운 앞,450
동작구,이수2팀,2071. 대림아파트 후문 상가 옆,450
중랑구,중랑3팀,4807. 라코지스테이 앞,452
강남구,학여울1팀,2427.개포고등학교 정문앞,452
용산구,세종로 4팀,4602. 숙명여대앞 버스정류소 주변,454
도봉구,도봉3팀,1717. 시립창동운동장 입구,454
성북구,훈련원2팀,1316. 고려사대부속중고 건너편,455
용산구,세종로3팀,863.이촌역2번 출구,455
마포구,상암1팀,4247. 서울서부지방법원등기국앞,455
종로구,훈련원1팀,3402.이화공영주차장,456
동대문구,훈련원4팀,681.서울특별시 동부교육지원청(육교),456
강북구,도봉4팀,1571.북서울 꿈의 숲 입구,457
중랑구,중랑3팀,1435. 능산삼거리,457
송파구,천호2팀,1279. 마천금호어울림 1차아파트 건너편,457
도봉구,도봉3팀,4084. 도봉동실내스포츠센터,457
동대문구,훈련원4팀,679.전농SK아파트 앞,458
종로구,세종로2팀,352. 중앙고입구 삼거리,459
은평구,상암3팀,967. 서울혁신파크2,459
금천구,천왕2팀,1849. 대륭포스트타워5차,460
성북구,훈련원2팀,1323. 월곡역 입구 육교 밑,461
마포구,상암1팀,489.구룡근린공원,461
은평구,상암2팀,978.녹번 힐스테이트상가앞,461
서초구,이수1팀,2539.대한무역투자진흥공사 KOTRA 앞,461
송파구,학여울2팀,2650.위례22단지 2208동 다리앞,464
종로구,세종로1팀,449. 일성아파트,464
강동구,천호1팀,3682. 길동 동호빌딩,465
중구,세종로 4팀,435. SK 남산빌딩,466
서초구,이수2팀,2283. 그룹한빌딩옆,466
강남구,학여울1팀,3636. 삼성중앙역·플래티넘아파트 정류소,467
중랑구,중랑3팀,4815. 중랑데시앙플렉스 앞,467
서대문구,상암2팀,3109.북한산더? 106동 앞,468
은평구,상암3팀,942. 상림마을 생태공원,468
영등포구,영남3팀,4582. 국회도서관,468
서초구,이수3팀,2535.신반포역 3번출구 뒤,468
강동구,천호1팀,1079.강일동입구교차로,469
강남구,학여울2팀,3644. 상록수아파트,469
강북구,도봉4팀,1558.강북문화정보도서관,469
구로구,천왕2팀,1910. 낙원교회 맞은편,471
강동구,천호1팀,3659. 명일초등학교 옆,472
강북구,도봉4팀,1573.현대성우아파트 옆,473
도봉구,도봉3팀,1703. 도봉산광역환승센터앞,473
강북구,도봉4팀,1546. 송천동우체국,475
영등포구,영남3팀,4581. 국회소통관,475
강남구,학여울1팀,2347. 두산건설 본사,476
구로구,천왕1팀,2812.항동프라자,477
중구,세종로2팀,466.롯데호텔,477
양천구,천왕1팀,724. 계남공원 입구 주출입구 좌측,477
서초구,이수1팀,2258.구룡사 삼거리,478
영등포구,영남3팀,295.영등포공원 분수대 앞,480
중구,세종로2팀,4761. 탐앤탐스 을지로3가점,482
마포구,상암1팀,3006. 상암월드컵파크5단지(상암중학교),482
강북구,도봉4팀,1538. 솔밭공원역,483
동대문구,훈련원3팀,600. 휘경2동 주민센터,484
성북구,훈련원2팀,1366. 일신초등학교 옆,484
강동구,천호1팀,3690. 강일역 4번출구,485
서대문구,상암1팀,3117.이화여대 인문관 인근,486
강서구,개화2팀,1161. 강서면허시험장 앞,486
관악구,영남2팀,2143. 서울산업정보학교,486
노원구,도봉2팀,1679. 삼육대 도서관,487
관악구,이수2팀,2159. 인헌초교,487
송파구,천호2팀,4861. 거여삼거리,487
금천구,천왕3팀,1868.우리은행 시흥남자동화점 앞,488
강남구,학여울1팀,2368. 도곡동 경남아파트 건너편,488
용산구,세종로3팀,867.서빙고역 광장(1번출구),488
강남구,학여울1팀,2349. 역삼빌딩 앞(하나은행 옆),488
강남구,학여울1팀,3604. 삼성중앙역 5번출구,488
노원구,도봉1팀,4035. 수락 행복발전소 앞,489
금천구,천왕3팀,3968. 독산동 현대홈타운 금천과선교 앞,490
중랑구,중랑3팀,1459. 용마한신아파트사거리,490
도봉구,도봉3팀,4064. 신창아파트 입구 앞,490
도봉구,도봉3팀,1714. 도봉문화정보도서관 삼거리,490
노원구,도봉1팀,1652. 파르코 앞,491
도봉구,도봉3팀,1768.신동아타워 버스정류소,492
중구,세종로2팀,4762. 국제빌딩,493
송파구,천호2팀,2649.오금공원사거리2,493
용산구,세종로 4팀,830. 청암자이아파트앞,494
마포구,상암1팀,4234. 에스테반,494
중랑구,중랑3팀,4811. 한양수자인아파트 앞,494
마포구,상암1팀,4221. 솔리스타오피스텔(공덕동주민센터),495
관악구,영남2팀,3807. 관악우체국 교차로,496
강남구,이수1팀,3634. 국악고교 앞 교차로,496
중랑구,중랑3팀,1477.면목삼익아파트 앞,496
중랑구,중랑3팀,1418. 새솔초등학교,497
은평구,상암2팀,4658. 녹번역1번출구앞,498
서초구,이수2팀,2281. 연세사랑병원신관앞,499
은평구,상암3팀,966. 서울혁신파크1,501
강서구,개화1팀,2716.롯데 R&D 센터,501
송파구,천호2팀,2614. 가락고등학교 앞,503
동작구,이수2팀,2038. 동작역 7번출구,503
강남구,학여울1팀,2416.한티역 6번 출구,503
송파구,천호2팀,4474. 가락현대 1차 11동 앞,503
마포구,상암1팀,4248. 신촌 교보빌딩,504
송파구,천호2팀,4892. 성내유수지 체육공원,504
금천구,천왕3팀,1819. 금천구청 앞 자전거거치대,506
구로구,천왕1팀,1992. 구로구배드민턴실내체육관 앞,507
중구,훈련원1팀,479.동대입구역 3번 출구,507
금천구,천왕3팀,1858. 500번·507번 버스 종점 앞,508
강서구,개화1팀,3776. 김포공항교차로,508
중구,세종로2팀,470.회현역 7번출구,508
금천구,천왕3팀,3958. 롯데캐슬2차 마을버스 정류장(18804) 뒤편,508
양천구,개화2팀,741. 화곡로 입구 교차로,509
마포구,상암1팀,127. 현대벤처빌 앞,509
강남구,학여울2팀,2344. 리엔파크 2단지 앞,509
강동구,천호1팀,3688. 상일동산(동아아파트앞 교차로),510
강북구,도봉4팀,1504. 다이소 삼양시장점,510
서초구,이수1팀,2256.양재동 꽃시장 입구,511
중랑구,중랑3팀,1466.두산대림아파트 삼거리,511
중구,세종로 4팀,442.서울역 서부,512
강서구,개화2팀,5072. 김포공항입구 교통섬,512
서초구,이수3팀,2520.서초1교 (진흥아파트 방면),512
송파구,학여울2팀,4885. 가든파이브 리빙관,513
강동구,천호1팀,1069.강동경희대학교병원 입구,513
강서구,개화2팀,3765. 문소빌딩,514
서초구,이수3팀,4312. 반포미도2차아파트 옆,514
은평구,상암2팀,4678. 백련산로 녹번센트레빌,515
서초구,이수1팀,2516.본마을 노인복지센터 앞,515
성북구,훈련원2팀,1304. 만해공원,516
은평구,상암3팀,928. 은평역사한옥박물관,517
강동구,천호1팀,3653. 강동리버스트4단지아파트 404동 앞,519
영등포구,영남3팀,4583. 의정관,522
구로구,천왕1팀,1943. 온수역 북측,523
서초구,이수3팀,2548.반포1동 자율방범초소 옆,529
영등포구,영남3팀,4585. 국회6문,534
송파구,천호2팀,4889. 마천역 1번 출구 인근②,535
강동구,천호1팀,1032. 선사고등학교,535
노원구,도봉2팀,4017. 월계 청백1단지 아파트 정류장,536
영등포구,영남3팀,4599. 대림우성아파트 사거리,536
성동구,중랑2팀,522. 금호역 1번출구 앞,537
서초구,이수3팀,2235.KT 서초지사 앞,537
동대문구,훈련원4팀,621. 동대문중학교 옆,537
강북구,도봉4팀,1522. 월드전기조명인테리어(우이동),537
서초구,이수3팀,2527.반포중학교 앞(세화여고 맞은편),538
동작구,이수2팀,2062. 사당새마을금고,539
관악구,이수2팀,3804. 낙성대공원,544
구로구,천왕2팀,1976. 남구로역 5번 출입구 앞,545
서대문구,상암1팀,3100. 북성초교,547
강동구,천호1팀,3675. 강동리버스트8단지,547
중랑구,중랑3팀,4827. 신내SK V1센터 앞,547
도봉구,도봉3팀,1757.솔밭공원역 1번출구 앞,548
서대문구,상암2팀,3105. 홍은센트레빌 아파트 앞,548
중구,세종로2팀,322. 명동성당 앞,549
노원구,도봉2팀,4040. 공릉로 26길,550
강남구,학여울1팀,2305. MCM 본사 직영점 앞,551
서초구,이수1팀,2270. 서초포레스타 7단지,554
서대문구,상암2팀,161. 무악재역1번 출구,556
금천구,천왕3팀,1843. 독산고등학교,557
강남구,학여울2팀,2426.강남한신휴플러스 6단지,558
중구,세종로2팀,4775. 을지로지하쇼핑센터,558
도봉구,도봉3팀,1761.방학중학교 앞,561
강남구,학여울2팀,3641. 대청역,562
송파구,천호2팀,1213. 백토공원 앞,564
강동구,천호1팀,1065.보훈병원 후문옆(더 원커피),565
강서구,개화3팀,1183. KC 대학교,567
구로구,천왕2팀,2826.가마산지하보도 옆,567
강남구,학여울1팀,2318. 삼성중앙역4번출구(문화센터더 리빌),568
서대문구,상암2팀,164. 북가좌1동 주민센터,569
은평구,상암3팀,947. 연신내 선일하이츠빌 정류소,569
마포구,상암1팀,491.월드컵파크 4단지,570
서초구,이수1팀,2550.양재동 꽃시장 건너편,571
성동구,중랑2팀,3561.행당동 삼부APT후문,571
중랑구,중랑3팀,4838.동원사거리 행복오피스텔 앞,571
강남구,학여울2팀,3643. 더시그넘하우스 앞,572
종로구,훈련원1팀,397. 종묘공영주차장 건너편,573
용산구,세종로3팀,869.노들섬 동측 앞,575
도봉구,도봉3팀,1774.반석교회(쌍문동),576
구로구,천왕1팀,2822.제니스스포츠 앞,577
동작구,이수2팀,2088.상도중앙하이츠빌 입구,580
성동구,중랑2팀,526. 용답토속공원 앞,583
강동구,천호1팀,1058. 고덕숲 아이파크 1,583
강남구,학여울1팀,2309. 청담역(우리들병원 앞),583
성북구,훈련원2팀,1386.동선고가차도 초입,583
강남구,학여울1팀,2380. 삼성동베이직하우스앞,583
구로구,천왕1팀,2815.항동지구 7단지 정문,583
서초구,이수1팀,2285. LH서초3단지 301동 맞은편,584
중구,세종로 4팀,4781. 브라운스위트레지던스,585
중랑구,중랑3팀,1426. 면목도시개발아파트 1동 앞,585
서초구,이수1팀,2501. 서초 포레스타5단지,586
성북구,훈련원2팀,1391.성북청소년센터,586
노원구,도봉2팀,1660. 서울시립과학관,587
강남구,학여울2팀,3640. 일원1동주민센터앞 사거리,589
중구,세종로2팀,4776. 신세계면세점,589
구로구,천왕1팀,1968. 동인오피스텔 건너편 소공원,589
서초구,이수3팀,2280. 서울서초고용센터앞,589
금천구,천왕3팀,3980. 금천현대홈타운 후문 서부샛길,590
강남구,학여울1팀,4901.KT&G타워 옆(상상마당 대치아트홀),590
송파구,천호2팀,4485. 잠실나루역 고가하부,590
성북구,훈련원2팀,1367. 길음문화복합미디어센터,591
중구,세종로 4팀,4752. 삼성사이버빌리지아파트,591
중구,세종로2팀,4785. 롯데시티호텔,592
강남구,학여울1팀,2358. 구룡초사거리 (현대아파트10동 앞 ),593
영등포구,영남3팀,4573. 두산위브아파트,593
구로구,천왕1팀,3917. 성공회대학교,593
강남구,학여울1팀,2310. 청담동 맥도날드 옆(위치),594
용산구,세종로3팀,4610. 한남나인원 105동 앞,594
도봉구,도봉3팀,4075. 방학신동아아파트 11동 앞,595
강북구,도봉4팀,1547. 꿈의숲 롯데캐슬,595
중랑구,중랑3팀,1421. 신내역 4번출구,596
중구,세종로2팀,4784. 중부경찰서앞 사거리,597
강동구,천호1팀,1056. 강일리버파크 7~11단지,598
은평구,상암2팀,971. 역촌 센트레빌 아파트,598
성북구,훈련원2팀,1357. 북한산보국문역,599
관악구,이수2팀,2129. 낙성대 과학전시관,600
강남구,이수1팀,3609. 언주초등학교 입구,600
양천구,천왕1팀,760. 잣절보도육교 아래,602
강남구,학여울2팀,3612. 은곡마을,602
서초구,이수1팀,2205. 내곡3단지 어린이공원 앞,603
강남구,학여울1팀,2326. 대치동 삼성로,603
영등포구,영남3팀,4579. 국회의사당 본관,604
송파구,천호2팀,1291. 서울체육고등학교 앞,604
금천구,천왕3팀,1845. 롯데캐슬골드파크1차 서문,605
관악구,이수2팀,3813. 낙성대역 5번출구,607
서초구,이수1팀,2241.양재전화국 사거리,607
강서구,개화2팀,3797. 마곡수명산파크7단지 710동 앞,608
서대문구,상암1팀,171. 임광빌딩 앞,609
영등포구,영남3팀,4580. 국회3문,610
강남구,학여울1팀,2307. 압구정 한양 3차 아파트,610
강북구,도봉4팀,1542. 삼양사거리역,611
송파구,학여울2팀,4475. 송파파인타운 4단지 403동,612
성북구,훈련원2팀,1315. 고려사대부속중고 정문,612
은평구,상암2팀,975.백련산 힐스테이트상가앞,612
용산구,세종로 4팀,4621. 남산도서관 앞,613
성동구,중랑2팀,3557.서울숲리버뷰자이APT105동 앞,613
성북구,훈련원2팀,1347. 길음래미안아파트817동 상가 앞,614
영등포구,영남3팀,4591. 신길자이아파트,614
금천구,천왕3팀,3969. 독산역 롯데캐슬 104동 앞,616
강북구,도봉4팀,1539. 4.19민주묘지역,619
용산구,세종로3팀,802. 한강진역 2번 출구 앞,620
구로구,천왕1팀,3903. 현대아파트 앞,620
강동구,천호1팀,1063.강동롯데캐슬퍼스트 아파트(관리동),620
송파구,학여울2팀,4887. 호돌이상가,621
영등포구,영남3팀,4555. 대림우성2차아파트,621
송파구,학여울2팀,1239. 문정 법조단지3,621
중구,훈련원1팀,480.약수역 6번 출구,622
광진구,중랑1팀,3543. 세종대학교(학술정보원),623
용산구,세종로3팀,808. 서빙고동 금호맨션 앞,625
송파구,천호2팀,4472. 송파파크데일 1단지 115동 건너편,625
강서구,개화1팀,3801. 이랜드글로벌R&D센터,626
동대문구,훈련원3팀,671.대광빌딩,626
동대문구,훈련원3팀,4116. 이문e편한세상아파트 앞,627
구로구,천왕1팀,1973. 오리로와 서해안도로 교차로 앞,627
금천구,천왕3팀,1809. LG전자 별관동(호서대 벤처타워 맞은편),629
은평구,상암3팀,964. 북한산힐스테이트 7차아파트,629
은평구,상암3팀,995.은평다목적체육관,629
금천구,천왕3팀,1826. 한신코아 앞,630
서대문구,상암1팀,196. 연희교차로 인근,632
금천구,천왕3팀,1825. 한신아파트 앞 육교 아래,632
강남구,학여울1팀,2388. 강남구 도시관리공단,633
은평구,상암2팀,4665. 응암역3번 출구(서부경찰서 방면),634
강북구,도봉4팀,1537. 북한산 우이역,635
노원구,도봉2팀,2903.월계초안아파트 1단지,635
동작구,이수2팀,2094.숭실대학교(중문),636
강북구,도봉4팀,1528. 삼각산동 주민센터,636
송파구,학여울2팀,2645.잠실나들목2(엘스아파트136동),637
서대문구,상암1팀,173. 서대문역 8번출구 앞,637
강남구,학여울1팀,3638. 신청담나들목,638
강남구,학여울1팀,2360. 도곡1동 주민센터 교차로,639
강남구,학여울1팀,2381. 언주역 6번출구앞,639
은평구,상암3팀,941. 은평뉴타운 도서관,639
노원구,도봉2팀,1693. 원자력 병원,639
노원구,도봉2팀,4045. 은하수 공원,640
강동구,천호1팀,1067.한영중고앞사거리,640
서대문구,상암2팀,169. 북가좌 삼거리,641
서초구,이수3팀,2514.사평역 2번출구,641
종로구,훈련원1팀,364. 창신역 1번출구 앞,641
금천구,천왕3팀,3977. 말미사거리,643
관악구,영남2팀,2190.도원맨션,643
성동구,중랑2팀,533. 금남시장 교차로,645
송파구,천호2팀,1289. 풍납토성 서성벽터B,647
중랑구,중랑3팀,1479.면목 홈플러스 2,648
도봉구,도봉3팀,1732. 우리은행 앞,648
강서구,개화2팀,3770. 남부순환로 205,648
동작구,영남2팀,4152. 상도효성해링턴플레이스,648
강북구,도봉4팀,1525. 미아동 복합청사,649
서초구,이수3팀,2298. 래미안서초스위트앞,651
도봉구,도봉3팀,1759.서울북부지방법원 앞,652
강남구,학여울1팀,2428.롯데리아 개포점앞,652
마포구,상암1팀,120. 신수동 사거리,653
구로구,천왕1팀,1999. 수궁동 성당 주변,654
중구,세종로1팀,4753. 우리은행 서소문금융센터,655
강서구,개화1팀,1105. 방화근린공원,655
성동구,중랑2팀,524. 래미안금호하이리버 아파트 102동 옆,656
서초구,이수3팀,2272. 교대입구 교차로,657
강동구,천호1팀,3655. 둔촌신성미소지움아파트,657
관악구,영남2팀,2137. KT&G 관악지점,658
중구,세종로2팀,4774. 을지로입구역 8번출구,658
강서구,개화2팀,5076. 메이필드호텔앞,659
서대문구,상암1팀,3134.SK리쳄블(상수도사업본부),660
도봉구,도봉3팀,1727. 서울도봉초등학교인근,661
금천구,천왕3팀,1831. 메이퀸웨딩컨벤션 앞,661
은평구,상암3팀,953. 서울연신초등학교,662
성동구,중랑2팀,3547.상왕십리역 6번 출입구,663
은평구,상암3팀,993.은평뉴타운 은뜨락아파트앞,665
양천구,개화4팀,4534. 월정초교 앞 사거리,670
강북구,도봉4팀,1509. 서울북부수도사업소,670
송파구,학여울2팀,1285. 위례별 유치원 뒤,670
광진구,중랑1팀,572. 국립정신 건강센터 앞,670
동작구,영남2팀,2057. 상도 아이파크 아파트,670
성동구,중랑2팀,594. 중랑물재생센터(서울새활용플라자),671
서초구,이수3팀,2227.방배열린문화센터 앞,672
중랑구,중랑3팀,4836. 양원역 1번 출구,673
영등포구,영남3팀,3211.신길 래미안 프레비뉴,674
강북구,도봉4팀,1516. 우이초등학교 후문 옆,674
송파구,천호2팀,2616. 거여동 사거리,675
강서구,개화1팀,1198. LG 사이언스파크,676
송파구,천호2팀,1258. 가락미륭아파트 앞,676
서대문구,상암2팀,163. 명지전문대학교 정문 앞,676
도봉구,도봉3팀,1736. 버스정류장 앞,678
도봉구,도봉3팀,1713. 쌍문동 이안아파트 앞,679
강동구,천호1팀,3691. 둔촌역 2번출구,679
강남구,학여울1팀,2339. 현대아파트 정문 앞,680
은평구,상암3팀,922. 연신내역 4번출구,680
서초구,이수3팀,2509. 심산기념문화센터,681
송파구,천호2팀,4857. 올림픽공원 장미광장,683
강동구,천호1팀,1031. 올림픽로 836(아리수로),685
노원구,도봉2팀,4033. 녹천역 4번 출구 옆,686
서대문구,상암2팀,3127.홍은2파출소 옆,686
강남구,학여울2팀,2341. 일원역 4~5번 출구 사이,686
동대문구,훈련원4팀,638. 서울시립대 정보기술관,687
강남구,학여울1팀,2353. 강남구청역 2번출구 뒤,688
양천구,개화4팀,710. 금옥여고보도육교,691
동대문구,훈련원4팀,652. 답십리 래미안엘파인아파트 입구,692
중구,훈련원1팀,434. 신당 래미안 버스정류장,693
강동구,천호1팀,1064.중앙보훈병원역 1번출구,694
송파구,천호2팀,2654.올림픽선수촌아파트 136동 앞,694
서대문구,상암2팀,3132.홍제교,694
서대문구,상암2팀,3107. 연희초등학교 앞,695
강남구,이수3팀,2406. 논현동 광명빌딩 앞,696
강동구,천호1팀,3676. 강동리엔파크9단지,696
중구,훈련원1팀,382. 약수역 10번출구 앞,696
강동구,천호1팀,1070.(시립)고덕평생학습관,698
양천구,개화4팀,757. 신정이펜하우스 1단지아파트 입구 사거리,698
강남구,학여울1팀,2389. 경기여자고등학교 후문 (삼성로3길 입구),698
용산구,세종로 4팀,866.브라운스톤 남산아파트,698
강동구,천호1팀,3673. 강동리버스트6단지,699
송파구,천호2팀,1299. 송파소방서 (방이119안전센터),699
동작구,영남2팀,2065. 서울시여성가족재단,699
영등포구,영남3팀,4578.보라매sk뷰,700
중구,훈련원1팀,477.앰배서더 호텔 주변,702
종로구,세종로1팀,4715. 돈의문 박물관 마을,702
관악구,영남2팀,2127. 난곡종점,702
송파구,학여울2팀,2625.가락종합 사회복지관,702
광진구,중랑1팀,3588.세종대학교(영실관),703
중구,세종로2팀,468.웨스틴 조선호텔,704
양천구,개화4팀,745. 강서초등학교,704
강남구,학여울1팀,3629. 청담사거리(신한오피스텔빌딩 앞),704
은평구,상암3팀,4676. 갈현1동 주민센터,705
동작구,이수2팀,2024. 상도역 1번출구,705
종로구,세종로1팀,3406.세종로공원,705
종로구,훈련원1팀,343. 예일빌딩(율곡로) 앞,708
종로구,훈련원1팀,388. 동성중학교 앞,708
금천구,천왕3팀,1854. 가산아네스트 오피스텔 앞,712
동작구,이수2팀,2069. 숭실대 입구역3번 출구 앞,712
도봉구,도봉3팀,4073.방아골종합사회복지관,715
도봉구,도봉3팀,1725. 창1동주민센터,715
영등포구,영남3팀,250. 대림아파트 사거리,715
강동구,천호1팀,3686. 고덕 래미안 힐스테이트(101동),717
강동구,천호1팀,1041. 묘곡초등학교,717
노원구,도봉1팀,1678. 성서대학교 밀알관,718
서초구,이수3팀,2233. 서초신동아1차아파트 옆,718
마포구,상암1팀,4251. 공덕역 경의선숲길 커뮤니티센터,718
관악구,이수2팀,2186. 낙성대입구삼거리,719
광진구,중랑1팀,575. 대원중고교 입구(대하빌딩),720
관악구,영남2팀,2196. 봉천역 3번출구,720
강남구,학여울1팀,2312. 청담역 13번 출구 앞,720
용산구,세종로3팀,4607. 국립중앙박물관 -용산가족공원 앞,720
서초구,이수3팀,2547.포드서초서비스센터앞,721
용산구,세종로 4팀,4616. 신용산지하차도 앞,721
마포구,상암1팀,424. 롯데하이마트 (상암월드컵점),723
성북구,훈련원2팀,4411. 동산어린이공원 앞,723
구로구,천왕2팀,1916. 구로중학교앞,723
강남구,학여울2팀,3642. LH강남힐스테이트아파트,724
광진구,중랑1팀,555. 구의3동주민센터,725
송파구,학여울2팀,1287. 위례아이파크 101동 맞은편,725
구로구,천왕1팀,3912. 삼호아파트 앞,726
용산구,세종로 4팀,4627. 효창공원앞역 5번출구 옆,726
송파구,학여울2팀,1241. 문정 법조단지5,726
관악구,영남2팀,2139. 서울신성초등학교,726
서초구,이수3팀,2502. 서초역1번출구 앞,726
은평구,상암3팀,976.진관고등학교앞,727
서초구,이수3팀,2521.서초 크로바타워 앞,729
은평구,상암3팀,927. 연신내역 3번출구 인근,729
서초구,이수3팀,2518.서초3교(효령로70길 방면),730
강북구,도봉4팀,1551.4.19탑 앞,732
서대문구,상암1팀,139. 연세대 정문 건너편,734
금천구,천왕3팀,1828. 한양수자인아파트 앞,735
강남구,학여울2팀,2422.수서동 성당 맞은편,740
도봉구,도봉3팀,1702. 녹천역 1번출구 앞,740
송파구,학여울2팀,4863. 잠실나들목5,741
양천구,개화3팀,776.목마공원,742
용산구,세종로 4팀,845. 용산 선인상가,743
은평구,상암3팀,954. 은평뉴타운구파발9단지,744
송파구,천호2팀,2643.풍납중학교 측면,745
서대문구,상암2팀,4253. 홍은도담도서관,745
구로구,천왕1팀,3906. 천왕차량사업소 입구,745
강남구,학여울1팀,2357. 르네상스호텔사거리 역삼지하보도 3번출구 앞 (더 오번 빌딩 명동칼국수 앞),747
구로구,천왕1팀,3918. 이좋은집오피스텔 앞,747
강남구,학여울1팀,2356. 강남구청,747
마포구,상암1팀,4207. 아만티호텔 앞,749
관악구,영남2팀,2144. 난우길입구,749
중랑구,중랑3팀,4835. 망우동 본죽 앞,750
강남구,학여울1팀,2385. 학동역,750
노원구,도봉1팀,1664. 노해근린공원내,750
동대문구,훈련원3팀,636. 세종대왕기념관 교차로,751
강서구,개화3팀,3761. 나이아가라관광호텔,751
송파구,천호2팀,1275. 거여초등학교 옆,751
노원구,도봉2팀,4009. 월계프라자,751
영등포구,영남3팀,282. 신한은행 대림동지점,753
강남구,학여울1팀,2320. 도곡역 대치지구대 방향,753
양천구,개화4팀,790.화곡고가 사거리,754
광진구,중랑1팀,3880. 홍련봉 공원,754
서대문구,상암1팀,159. 이대역 4번 출구,754
서대문구,상암2팀,3129.DMC래미안e편한세상203동옆,755
강동구,천호1팀,1083.광문고교사거리(아이파크),755
도봉구,도봉3팀,4083.도봉아이나라도서관 앞,756
도봉구,도봉3팀,4058. 다락원체육공원 전망대 입구,756
구로구,천왕1팀,1993. 금강수목원아파트 앞,757
양천구,개화2팀,4530. 방아다리어린이공원,758
금천구,천왕3팀,1835. STX V타워,758
강남구,학여울1팀,2331. 동영문화센터앞,759
서대문구,상암1팀,141. 연대 대운동장 옆,760
강북구,도봉4팀,1574.송중초등학교 옆,761
서초구,이수3팀,2212.서초현대4차아파트 201동 맞은편,762
강남구,학여울1팀,2323. 주식회사 오뚜기 정문 앞,763
강남구,학여울2팀,2337. 대모산입구역 2번출구 앞,763
은평구,상암3팀,925. 불광역 2번출구,764
성북구,훈련원2팀,1325. 상월곡역 4번출구,765
강동구,천호1팀,1018. 둔촌 주공 GS 맞은편,765
강서구,개화3팀,1137. 등촌2동주민센터,766
용산구,세종로3팀,840. 용산 파크타워 앞,766
용산구,세종로 4팀,4618. 풍전아파트 건너편,768
중랑구,중랑3팀,1472.영성빌딩(PAT),768
영등포구,영남1팀,3207.양남사거리1,768
종로구,훈련원1팀,3419.국립어린이과학관,769
송파구,학여울2팀,4874. 탄천1교 하부보도,769
종로구,세종로1팀,3425.광화문 풍림스페이스본 1단지앞,769
서대문구,상암1팀,137. 신촌기차역입구 교차로,769
강동구,천호1팀,3694. 강동리엔파크 11단지,769
광진구,중랑1팀,3537. 아차산 휴먼시아 아파트 옆,770
동작구,이수2팀,4173. 중대후문 마을버스정류장,771
성동구,중랑2팀,4360. 르노삼성자동차 성수사업소 앞,774
강북구,도봉4팀,1543. 수유1동 주민센터,775
도봉구,도봉3팀,1751. 창원초등학교 교차로,776
송파구,천호2팀,4862. 성내교 남단,777
강동구,천호1팀,1057. 능골근린공원,779
성북구,훈련원2팀,1340. 광운초등학교 앞,783
송파구,천호2팀,4855. 거여5단지 503동 앞,783
서초구,이수1팀,2246. 서울시 품질시험소 앞,784
금천구,천왕3팀,1859. 대륭테크노타운 18차,784
서초구,이수1팀,2549.LH 서초 4단지 403동,785
금천구,천왕3팀,1829. 홈플러스 금천점 앞,786
종로구,세종로1팀,446. 상명대입구,787
용산구,세종로3팀,848. 삼각지12번 출구,789
서대문구,상암2팀,3130.가재울사거리,789
마포구,상암1팀,425. DMC첨단산업센터,790
강북구,도봉4팀,1515. 송천동 주민센터,792
금천구,천왕3팀,3963. 에이스 하드웨어(시흥대로 396) 앞,793
중구,훈련원1팀,347. 동대문역사문화공원역 9번출구 앞,793
동작구,영남2팀,2008. 노량진근린공원 대방공원,793
금천구,천왕3팀,1822. 서울 시흥동우체국 앞,796
동대문구,훈련원3팀,667.청량차도 육교 밑,797
동작구,영남2팀,4167. 구로교 아래,797
서초구,이수1팀,2293. SPC 앞,799
금천구,천왕3팀,3985. 디폴리스 지식산업센터,799
서초구,이수3팀,2268. 서초4동주민센터,800
동대문구,훈련원4팀,606. 휘경공고앞,800
중구,세종로2팀,471.회현사거리 남측,802
양천구,개화4팀,712. 강월초교입구 사거리,802
성북구,훈련원2팀,1344. 아리랑시네센터 앞,803
용산구,세종로3팀,857. 현대 안성타워,803
서초구,이수1팀,4320. 신영체르니 아파트,803
마포구,상암1팀,4224. 서부운전면허시험장,804
강남구,학여울1팀,4902. 구역삼세무서 교차로,805
성북구,훈련원2팀,1348. 성북제일새마을금고 본점 앞,805
노원구,도봉2팀,1646. 삼육대 입구,807
중구,세종로 4팀,441.염천교사거리,809
강동구,천호1팀,3685. 강동리엔파크14단지(1401동 앞),809
송파구,학여울2팀,2634.위례포레샤인아파트 2318동,810
동대문구,훈련원3팀,607. 신이문역 2번출구,811
송파구,천호2팀,1256. 문정현대아파트 교차로,812
송파구,천호2팀,2617. 가락삼환아파트 앞,813
서초구,이수1팀,2243.서울가정법원,813
중랑구,중랑3팀,4828. 신내동 한살림 중랑지구 앞,815
강남구,학여울1팀,2373. 개포동역 사거리,816
강남구,학여울2팀,2321. 학여울역 사거리,817
강남구,학여울1팀,2430.강남파이낸스센터앞(역삼역2번출구),817
성동구,중랑2팀,3558.마장동 금호어울림APT앞,822
중구,훈련원1팀,371. 동대입구역 6번출구 뒤,822
광진구,중랑1팀,591. 건국대학교 (행정관),823
송파구,학여울2팀,1266. 문정동 글샘 공원,824
마포구,상암1팀,4246. 상수역새마을금고,826
송파구,천호2팀,4493. 마천사거리 2,826
중구,훈련원1팀,4800. 필동 삼거리,826
도봉구,도봉3팀,1722. 창동청소년수련관,829
은평구,상암3팀,4653. 불광역 9번 출구 맞은편,830
금천구,천왕2팀,1812. 갑을그레이트밸리 앞,831
서초구,이수3팀,2299. 한전아트센터 앞,832
서대문구,상암2팀,3122.북가좌삼거리2,833
관악구,이수2팀,2128. 관악구청교차로,834
서대문구,상암2팀,192. 연서어린이공원,836
금천구,천왕2팀,3975.현대시티아울렛 가산,837
동대문구,훈련원3팀,676.FITI시험연구원 앞,838
강남구,학여울1팀,2364. 도산공원교차로,838
강동구,천호1팀,1042. 강일리버파크 2~5단지,840
관악구,이수2팀,2198.사랑의병원,841
송파구,학여울2팀,4886. 배명고등학교 건너편,842
종로구,훈련원1팀,452. 동대문 종합시장 버스정류장,842
광진구,중랑1팀,3863. 동일로58길 입구,844
영등포구,영남1팀,233. 양평1동 YP센터 앞,844
양천구,개화4팀,713. 양서중학교 옆,844
송파구,천호2팀,4871. 오금동 대림아파트 정문,845
마포구,상암1팀,406. 상암월드컵파크 7단지 앞,847
강서구,개화2팀,1130. 화곡본동시장 버스정류장,847
도봉구,도봉3팀,1758.북서울교회 버스정류소 앞,847
금천구,천왕3팀,1870.독산3동주민센터 앞,848
도봉구,도봉3팀,1749. ESA아파트 상가 앞,848
마포구,상암1팀,413. 상암월드컵파크 3단지 후문,848
서대문구,상암1팀,160. 북아현동 가구거리,849
노원구,도봉1팀,4002. 상계주공 14단지 상가 앞,849
관악구,영남2팀,2172. 나들목공원,849
마포구,상암1팀,402. 상암월드컵파크 9단지 앞,852
서대문구,상암1팀,3113.독립문역사거리,852
관악구,이수2팀,2167. 낙성대역 1번출구,853
동작구,이수2팀,2027. 중앙대학교 정문 1,855
동대문구,훈련원4팀,4107. 장안동근린공원 입구,855
금천구,천왕2팀,1840. 솔브레인이엔지 뒤편,857
강남구,학여울1팀,2328. 르네상스 호텔 사거리 역삼지하보도 7번출구 앞,858
금천구,천왕2팀,1839. 수출의 다리 아래,859
종로구,세종로1팀,351. 청운초교 앞 삼거리,860
도봉구,도봉3팀,1772.시립도봉노인복지관 버스정류소,862
서대문구,상암2팀,167. 연가초등학교 옆,862
강남구,학여울1팀,2325. 대치삼성아파트 앞 교차로,862
양천구,개화4팀,725. 양강중학교앞 교차로,863
중랑구,중랑3팀,1441. 신내능말공원,864
은평구,상암3팀,960. 구파발역 환승센터,865
구로구,천왕1팀,2819.하늘숲초등학교 앞,865
은평구,상암2팀,979.원풍빌라앞,865
중랑구,중랑3팀,1405. 망우역 1번출구,865
강동구,천호1팀,1026. 대명초교 입구 교차로,866
송파구,천호2팀,4462. 가락중학교 앞,867
은평구,상암3팀,"4663. 불광역3,6호선 버스정류장(동명여고 방면)",868
강북구,도봉4팀,1518. SK telecom(수유직영점) 앞,871
강남구,학여울2팀,3618. 서울율현초교 삼거리,871
강북구,도봉4팀,1532. 번3동 주민센터 교차로,871
노원구,도봉1팀,1696.수락리버시티4단지,872
강남구,학여울1팀,"2419.봉은사역 1,2번 출구",872
영등포구,영남1팀,3221.서울특별시 남부교육지원청,872
마포구,상암1팀,142. 아현역 4번출구 앞,873
강서구,개화1팀,3795. 공항신성빌딩 앞,874
양천구,영남1팀,4536. 양천해누리체육공원,874
동대문구,훈련원3팀,4103. 휘경sk뷰아파트 앞,876
도봉구,도봉3팀,1719. 신도봉사거리 버스정류장,876
강남구,학여울1팀,2319. 포스코사거리 서측(수협 삼성동 지점),877
용산구,세종로 4팀,4603. 한강GS에클라트 건너편 교통섬,878
도봉구,도봉3팀,1706. 기업은행 앞,879
중랑구,중랑3팀,1454. 한국전력공사(동대문 중랑지사),879
송파구,천호2팀,4454. 위례 포레샤인 1809동 부근,880
서초구,이수3팀,4306. 서래공원 앞,881
구로구,천왕1팀,2820.신세기아파트 앞,882
강서구,개화1팀,2743.동신아파트 104동 앞,882
동작구,이수2팀,2036. 정금마을 마을버스정류장,882
양천구,개화4팀,720. 서울강월초등학교 앞,884
은평구,상암3팀,4671. 청구성심병원 앞,884
광진구,중랑1팀,3510. 중곡SK아파트앞,885
도봉구,도봉3팀,1770.도봉한신아파트 주변,886
성북구,훈련원2팀,1358. 정릉도서관 앞,886
노원구,도봉2팀,1641. 한내근린공원 남측,886
서초구,이수3팀,2297. 남부터미널역 1번출구,887
구로구,천왕1팀,3908. 오류동 다숲오피스텔 앞,887
마포구,상암1팀,407. 마포구 육아종합지원센터,892
강동구,천호1팀,3658. 프라이어팰리스아파트,892
서초구,이수3팀,2239.교대역 6번출구,894
강서구,개화2팀,"5056. 마곡역4,5번출구",894
강동구,천호1팀,1049. 강일리버파크 10단지,894
중랑구,중랑3팀,1457. 동원사거리,895
성북구,훈련원2팀,4414. 안암역 3번 출구,895
은평구,상암3팀,923. 국민은행 연서지점,896
용산구,세종로3팀,"4605. 노들섬 다목적홀(동쪽) 숲, 앞",896
양천구,개화4팀,714. 한국SGI 양천문화회관 앞,896
성북구,훈련원2팀,1343. 한성대7번출구 앞,896
관악구,이수2팀,2122. 낙성대로 입구,898
중랑구,중랑3팀,1468.먹골역 7번 출구,899
강남구,학여울1팀,2313. 금원빌딩 앞,901
노원구,도봉1팀,1628. 노일초등학교 앞,902
서초구,이수3팀,4307. 고투몰 gate 15옆,903
용산구,세종로3팀,811. 녹사평역1번출구,903
강동구,천호1팀,1025. 상일초등학교,903
성북구,훈련원2팀,1302. 한성대입구역6번출구 뒤,904
양천구,개화4팀,733. 신정이펜하우스314동,907
강남구,학여울1팀,2330. 역삼월드메르디앙아파트 앞,907
종로구,세종로1팀,450. 효자동 삼거리,908
중구,훈련원1팀,430. KEB하나은행 장충동지점,908
양천구,개화4팀,777.신월6차보람아파트 앞,909
은평구,상암2팀,939. 은평구청 교차로,909
마포구,상암1팀,405. DMC빌 앞,912
용산구,세종로3팀,4634. 이태원역 3번 출구,912
은평구,상암3팀,946. 독바위역,912
성동구,중랑2팀,535. 응봉삼거리,912
강서구,개화2팀,2731.명덕고교,912
중랑구,중랑3팀,4823. 방정환교육지원센터 옆,913
강동구,천호1팀,3689. 강일역 3번출구,913
강남구,학여울2팀,2411. 세곡동 성당,913
강동구,천호1팀,1016. 해뜨는 주유소옆 리엔파크 109동앞,913
강서구,개화3팀,5067. 주원 리젠트 앞,914
강서구,개화2팀,3792. 화곡본동시장 입구,915
동작구,이수2팀,2026. 흑석역 4번출구,915
금천구,천왕3팀,1833. 독산역 1번출구 앞 자전거보관소,916
강동구,천호1팀,1073.SSTS 몰 앞,916
금천구,천왕3팀,1862.스타즈호텔독산 빌딩 앞,917
성북구,훈련원2팀,4419. 성북구 한예종 캠퍼스 본관,917
중랑구,중랑3팀,4803. 상봉2동 주민센터 앞,917
서초구,이수2팀,2229.로고스교회 맞은 편,918
강남구,학여울1팀,2394. 개포래미안포레스트아파트 107동 앞,919
송파구,천호2팀,4499. 세양청마루 101동 앞,919
영등포구,영남3팀,285. 대림3동사거리(하나은행),919
강남구,이수3팀,2410. 포스코피앤에스타워 (역삼역 3번출구 부근),921
마포구,상암1팀,4202. 프런트원(공덕역4번출구 앞),922
관악구,이수2팀,2148. 낙성대역 3번출구 뒤,922
강북구,도봉4팀,1568.4.19민주묘지 입구사거리,924
송파구,학여울2팀,4880. 송파청소년센터,925
도봉구,도봉3팀,1752. 창동 주공 4단지 입구 옆,926
성동구,중랑2팀,538. 답십리역 8번출구 앞,926
송파구,학여울2팀,1240. 문정 법조단지4,927
서대문구,상암2팀,3110.홍은 현대아이파크 아파트 202동 앞,929
강북구,도봉4팀,1519. 세븐일레븐 수유장미원점 앞,931
서초구,이수1팀,2250. 서초유치원 맞은편,932
은평구,상암2팀,909. 백련산 힐스테이트 3차,932
서초구,이수1팀,2206. 언남초등학교 앞,932
양천구,개화4팀,759. 보아스아파트 앞,932
강남구,학여울2팀,3623. 일원에코파크 앞(개포로 방면),933
강북구,도봉4팀,3711. 월계2교 교차로,933
서대문구,상암1팀,3115.북아현 치안센터 인근,934
노원구,도봉1팀,4034. 상계근린공원 운동장 앞,936
용산구,세종로 4팀,806. 전자랜드 본관 앞,939
중구,세종로2팀,331. 을지로2가 사거리 북측,939
양천구,천왕1팀,743. 현대6차아파트 101동 옆,941
금천구,천왕3팀,1846. 롯데캐슬골드파크1차 동문,941
서대문구,상암2팀,177. 북가좌 초등학교,942
서대문구,상암2팀,3123.DMC파크뷰자이1단지 110동 앞,942
은평구,상암3팀,903. 은평뉴타운 아이파크,943
서초구,이수1팀,4303. 매헌역 2번출구앞광역버스 정류장앞(22-297),945
영등포구,영남1팀,4601.양평역2번출구 뒤,946
양천구,개화4팀,4518. 청기와빌딩,947
마포구,상암1팀,118. 광흥창역 2번출구 앞,948
강동구,천호1팀,1015. 샛마을 근린공원,949
서대문구,상암1팀,135. 명물길 원형무대 앞,949
동작구,영남2팀,2012. 대림사거리(동작상떼빌아파트),949
강서구,개화1팀,1159. 서서울모터리움 앞,951
은평구,상암2팀,989. 신응교(가좌로) 앞,951
강북구,도봉4팀,1554.번동사거리,951
송파구,학여울2팀,4456. 위례포레샤인 2310동 부근,953
강서구,개화2팀,1187. 강서수산물도매시장,953
금천구,천왕3팀,1821. 홈플러스 시흥점 맞은편 다비치안경 앞,955
성동구,중랑2팀,520. 상왕십리역 4번 출구 앞,955
서초구,이수3팀,2214. 신반포역 2번출구 앞,957
강남구,이수3팀,2409. 역삼동 디오슈페리움 (우성아파트 사거리),957
영등포구,영남3팀,4576.보라매sk뷰 108동 앞,957
강서구,개화4팀,1145. 곰달래 문화복지센터 1-2,957
관악구,영남2팀,2185. 대학동 고시촌,958
서초구,이수3팀,4313. 반포종합운동장,960
송파구,천호2팀,1280. 송파파크데일 2단지입구 앞 주차장,961
양천구,영남1팀,748. 목동운동장,962
중랑구,중랑3팀,4808. 신내2동 주민센터 앞,962
마포구,상암1팀,4212. 한화오벨리스크 앞,962
중랑구,중랑3팀,1465.중랑공영차고지 옆,963
송파구,천호2팀,2655.송이공원,965
송파구,학여울2팀,4480. 가락시장 남1문 사거리,965
은평구,상암2팀,965. 서울특별시 은평병원,965
양천구,개화4팀,4520. 대성유니드아파트,966
동대문구,훈련원4팀,664. 서울시립대 건설공학관,966
금천구,천왕3팀,1869.롯데캐슬골드파크3차 301동 앞,968
관악구,영남2팀,2145. 은천초등학교 육교,968
마포구,상암1팀,121. 마포소방서 앞,969
송파구,학여울2팀,1217. 송파파인타운 7단지,969
동대문구,훈련원3팀,656. 영휘원 교차로,970
양천구,개화4팀,4507. 신정제일시장,972
서초구,이수1팀,2537.양재역 8번출구 앞,972
노원구,도봉1팀,1634. 당고개공원 대여소,972
강동구,천호1팀,3665. 고덕센트럴 아이파크상가 앞,972
서초구,이수1팀,2263. 바우뫼문화복지회관,972
중랑구,중랑3팀,1420. 신내어울공원 앞,974
송파구,천호2팀,4458. 가락2동주민센터 인근,974
도봉구,도봉3팀,4074. 도봉구육아종합지원센터(창동),975
중구,훈련원1팀,336. 티마크 호텔 앞,975
중랑구,중랑3팀,1425. 용마문화복지센터,978
노원구,도봉1팀,1654. 당고개입구 오거리,981
중랑구,중랑3팀,1474.서울중랑우체국,982
성북구,훈련원2팀,1364. 성북동 치안센터 앞,983
강북구,도봉4팀,1526. 수유동 채선당앞,985
광진구,중랑1팀,3516. 구의아리수정수센터앞,985
양천구,개화4팀,782.서남병원 후문,986
중랑구,중랑3팀,1480. 용마지구대 옆,987
강남구,이수1팀,"2359. 국립국악중,고교 정문 맞은편",989
종로구,훈련원1팀,3412.세운상가,989
강서구,개화2팀,3767. 대원빌딩,990
도봉구,도봉3팀,1748. 피자헛 앞(도봉병원 옆),991
서대문구,상암1팀,140. 이화여대 후문,991
광진구,중랑1팀,3873. 동서울우편집중국 앞,991
강북구,도봉4팀,3718. 번동 SK LPG 충전소,992
성동구,중랑2팀,506. 금호 어울림 아파트 앞,994
관악구,이수2팀,3311.서울대입구역 4번 출구,994
마포구,상암1팀,125. 서강대 남문 옆,994
동작구,이수2팀,2082.7호선 이수역7번출구,994
강서구,개화1팀,1178. 개화산역 2번 출구,994
종로구,세종로1팀,349. 사직동주민센터,995
마포구,상암1팀,4216. 망원정 앞,995
동대문구,훈련원3팀,665.이문동 쌍용아파트 정문,996
노원구,도봉1팀,1672. 상계동수락리버시티,997
도봉구,도봉3팀,"1735. 도봉역 1,2번 출구사이 건너편",997
구로구,천왕1팀,1936. 개봉역 1번 출구 자전거보관서쪽,997
양천구,개화4팀,750. 연의근린공원 건너편,999
성동구,중랑2팀,4370. 서울숲IT캐슬 앞,1000
성북구,훈련원2팀,1360. 정릉역,1001
중구,세종로2팀,324. 신세계백화점 본점 앞,1001
노원구,도봉2팀,1671. 인덕대학교,1002
중구,훈련원1팀,4793. 동대문역사문화공원역 5번출구,1002
성북구,훈련원2팀,1395.래미안장위포레카운티(102동),1002
송파구,천호2팀,"2626.경찰병원역 1,2번 출구 사이",1003
강남구,학여울1팀,2405. 청담공원앞 교차로,1003
강서구,개화1팀,1109. 공항시장역 4번출구,1004
은평구,상암3팀,963. 대호프라자아파트,1004
강북구,도봉4팀,1553.예수그리스도후기성도교회 앞,1008
강남구,학여울2팀,2387. 래미안강남힐즈 사거리,1008
동대문구,훈련원3팀,4110. 용두롯데캐슬리치아파트 앞,1009
성북구,훈련원2팀,4406. 장곡초등학교 앞,1011
노원구,도봉2팀,2914.서울과학기술대학교(미래관),1012
서초구,이수3팀,2528.함지박 사거리,1013
관악구,영남2팀,2178. 서울대학교 정문,1014
동대문구,훈련원4팀,628. 휘봉고등학교 앞,1016
중구,세종로2팀,332. 을지로2가 사거리 남측,1016
금천구,천왕3팀,3984. 가산롯데아이티캐슬,1017
광진구,중랑1팀,552. 대림아크로리버 앞,1018
노원구,도봉2팀,4039. 서울시 북부여성발전센터,1019
성북구,훈련원2팀,1373. 성북구보건소 건너편,1020
서초구,이수3팀,4316. 고속터미널역 3번출구,1020
강북구,도봉4팀,1536. 번동 두산위브 101동 옆,1020
성북구,훈련원2팀,4420. 성북구 한예종 캠퍼스 별관,1021
은평구,상암2팀,948. 디지털미디어 시티역 4번출구(DMC역),1021
관악구,영남2팀,2174. 삼성디지털프라자관악점,1021
양천구,개화4팀,740. 으뜸공원,1021
도봉구,도봉3팀,1771.성원APT버스정류소,1021
광진구,중랑1팀,3508. 화양사거리,1022
송파구,학여울2팀,4497. 아시아선수촌아파트 교차로,1024
성동구,중랑2팀,518. 청계천 박물관 앞,1025
도봉구,도봉3팀,1775.신원리베르텔 앞,1025
구로구,천왕2팀,1998. 고척교 교차로,1026
용산구,세종로3팀,810. 이태원지하보도,1026
중랑구,중랑3팀,1469.먹골역 4번출구,1028
강남구,학여울1팀,2314. 청담나들목입구,1030
영등포구,영남3팀,241. 신길우성1차아파트 앞 공원,1034
강서구,개화1팀,3753. 공항중학교 버스정류장,1034
중구,훈련원1팀,372. 약수역 3번출구 뒤,1034
영등포구,영남1팀,4588.양남사거리2,1034
서대문구,상암2팀,195. 모래내고가차도,1035
영등포구,영남3팀,251. 서울지방병무청 버스정류장,1035
성북구,훈련원2팀,1303. 돈암초교 입구,1036
동작구,영남2팀,2066. 양문교회 앞,1037
구로구,천왕2팀,1924. 삼부르네상스파크빌,1037
중랑구,중랑3팀,4825. 신내동 벽산아파트 후문 앞,1038
은평구,상암2팀,930. 구 서부경찰서 건너편,1040
송파구,학여울2팀,4893. 문정법조단지12,1041
용산구,세종로 4팀,850. KCC용산월츠타워,1043
송파구,천호2팀,2627.문정시영아파트 5동 앞 공원,1043
마포구,상암1팀,122. 신성기사식당 앞,1044
종로구,훈련원1팀,337. 창경궁 입구,1046
은평구,상암3팀,982. 녹번초등학교(서오릉로),1047
양천구,개화4팀,706. 신정네거리역,1047
서초구,이수1팀,2242.양재역 11번 출구 앞,1048
동대문구,훈련원3팀,601. 용신동주민센터,1048
강북구,도봉4팀,1527. 미아역 1번 출구 뒤,1048
서대문구,상암1팀,138. 신촌동 제1공영주차장 앞,1048
동대문구,훈련원4팀,658. 촬영소 사거리,1049
구로구,천왕1팀,1981. 천왕이펜하우스5단지 앞,1050
도봉구,도봉3팀,4054. KT프라자도봉점 맞은편,1050
종로구,세종로1팀,3405.파크팰리스,1051
서초구,이수3팀,2529.우리은행 방배동지점 앞,1051
양천구,개화4팀,737. 장수공원,1051
영등포구,영남3팀,235. 신길동 우리은행 옆,1051
마포구,상암1팀,156. 서울서부지방법원 앞,1051
마포구,상암1팀,4206. 광흥창역5번출구,1052
동대문구,훈련원3팀,647. 신이문역 1번출구,1052
영등포구,영남3팀,3203.도림동배드민턴체육관,1053
강동구,천호1팀,1033. 고덕동 아남아파트,1054
금천구,천왕3팀,3983. 금천구청역 1번 출구,1055
강남구,이수1팀,2333. 양재역 3번출구 주변,1059
서초구,이수3팀,2237.서울남부터미널 대합실 입구,1061
노원구,도봉1팀,1659. 중계동 을지중학교,1061
성북구,훈련원2팀,1388. 돈암초교입구 버스정류장(한성대입구역 방면),1063
성동구,중랑2팀,536. 행당역 2번출구 앞,1063
노원구,도봉1팀,4042. 상계문화정보도서관,1065
마포구,상암1팀,4211. 시석빌딩 앞,1065
서초구,이수3팀,2542.신논현타워 앞,1065
중랑구,중랑3팀,4826. 홈플러스 면목점,1065
송파구,천호2팀,1253. 오금역 3번 출구 뒤,1066
동대문구,훈련원3팀,666.이문대성유니드아파트 앞,1067
서초구,이수3팀,2215. 반포종합운동장 입구,1067
금천구,천왕3팀,1805. 서울디지털운동장 앞,1071
송파구,천호2팀,4469. 거여동 어울림아파트 102동앞,1072
도봉구,도봉3팀,1754. 창동시장입구 사거리,1074
종로구,세종로2팀,4707. 청계3가 사거리,1075
노원구,도봉1팀,1630. 수연빌딩 앞,1077
송파구,천호2팀,1207. 마천중앙시장,1077
동대문구,훈련원4팀,654. 전농동 텃골공원,1077
송파구,천호2팀,4463. 방이역 2번 출구,1078
송파구,천호2팀,1230. 송파중학교 정문,1078
종로구,훈련원1팀,3411.종묘,1080
중구,세종로 4팀,399. 서울역 센트럴 자이아파트,1080
송파구,학여울2팀,2603. 송파 글마루 도서관,1082
중구,세종로2팀,4778. 대신파이낸스센터,1083
서초구,이수3팀,2271. 내방역 8번출구 앞,1083
용산구,세종로 4팀,852.청암자이APT(103동),1084
강서구,개화4팀,2712.화곡터널입구교차로,1084
중랑구,중랑3팀,1430. 중랑구청,1085
중랑구,중랑3팀,4837. 양원지구 힐데스하임 앞,1086
성북구,훈련원2팀,1346. 길음8골어린이공원 옆,1086
종로구,훈련원1팀,3423.현대그룹(본사),1086
성동구,중랑2팀,3553.마장역3번출구,1088
서대문구,상암2팀,188. 홍은동 정원여중 입구,1088
동작구,이수2팀,2095.경문고등학교 앞,1088
동작구,영남2팀,2084.e편한세상 상도노빌리티 앞,1091
영등포구,영남3팀,260. 여의도 마리나선착장 앞,1091
영등포구,영남3팀,4563. 여의도 은하아파트,1092
마포구,상암1팀,436. 이대역 5번출구,1093
서대문구,상암1팀,198. 충정2교,1093
금천구,천왕3팀,1856. 모두의학교,1094
영등포구,영남3팀,4589. KRX한국거래소(1),1094
강남구,학여울1팀,3651. 개포동역 4번출구,1095
금천구,천왕3팀,1814. 두산위브아파트 옆 상가건물 앞,1095
마포구,상암1팀,416. 상암월드컵파크 1단지 교차로,1096
강남구,학여울1팀,3628. 역삼1동 주민센터,1096
동대문구,훈련원3팀,640. 청량리역 2번출구,1096
서대문구,상암1팀,3104. e편한세상 신촌4단지 앞,1097
강서구,개화1팀,3787. 가양나들목,1098
강남구,학여울2팀,2375. 수서역 1번출구 앞,1099
강동구,천호1팀,1003. 해공도서관앞,1099
광진구,중랑1팀,3523. 건국대학교 과학관(이과대) 앞,1100
마포구,상암1팀,4208. 스타벅스(동교동) 앞,1101
광진구,중랑1팀,3853. 어린이대공원역 2번출구,1104
송파구,천호2팀,4856. 올림픽공원 서1문 앞,1105
강동구,천호1팀,1068.명일파출소,1106
동작구,이수2팀,2091. 이수역9번출구,1106
강서구,개화3팀,3763. 등촌태영아파트,1106
영등포구,영남1팀,4600. 영등포구 총괄 우체국,1109
송파구,학여울2팀,2631.배명고등학교,1109
마포구,상암1팀,129. 신촌역(2호선) 6번출구 옆,1110
마포구,상암1팀,401. 상암월드컵파크 10단지 앞,1111
관악구,이수2팀,3816. 관악 GSfresh,1112
강남구,학여울1팀,3614. 은마아파트 입구 사거리,1113
강서구,개화1팀,3793. 더리브골드타워,1113
관악구,이수2팀,2116. 에이스에이존빌딩,1116
서대문구,상암1팀,3116.신촌역 4번출구,1116
중랑구,중랑3팀,1464.중화역 4번출구,1116
금천구,천왕3팀,1806. 에이스하이엔드타워9차 앞,1117
도봉구,도봉3팀,1743.창동19단지아파트 관리사무소앞,1117
강서구,개화2팀,5073. 우장산역 헤링턴타워 앞,1117
도봉구,도봉3팀,1734. 쌍문현대1차아파트 108동 앞,1117
강서구,개화3팀,1171. 염창동 새마을금고 건너편,1117
마포구,상암1팀,150. 서강대역 2번출구 앞,1117
중구,훈련원1팀,476.광희문,1118
성북구,훈련원2팀,1349. 월계2교 버스정류장 앞,1119
관악구,영남2팀,2156. 신림푸르지오아파트,1119
중구,세종로2팀,318. 광교사거리 남측,1119
용산구,세종로3팀,4615. 크라운호텔앞 버스정류소,1120
양천구,영남1팀,4512. 목동13_14단지 사거리,1121
강남구,학여울2팀,2408. 강남한양수자인아파트,1123
송파구,천호2팀,1300. 오륜사거리,1123
마포구,상암1팀,3008.DMC역7번출구,1123
양천구,천왕1팀,4528. 양천구청역 1번출구,1124
은평구,상암3팀,919. 서울혁신파크,1126
용산구,세종로3팀,4620. 삼각지역 14번 출구 앞(교통섬),1127
동대문구,훈련원4팀,604. 답십리초등학교 옆 공원,1127
송파구,학여울2팀,4467. 한림연예예술고등학교,1127
노원구,도봉1팀,1651. 상계동 우방유쉘아파트 앞,1128
마포구,상암1팀,408. LG CNS앞,1129
영등포구,영남3팀,4558. 대영중고 후문,1129
영등포구,영남3팀,271. 샛강생태공원방문자센터 앞,1130
금천구,천왕3팀,3956. 대륭테크노타운21차 앞,1132
송파구,학여울2팀,2657.송파 파인타운 11단지,1133
강서구,개화3팀,2703.서울도시가스 앞,1134
서초구,이수1팀,2274. 양재시민의숲역 3번출구,1134
영등포구,영남1팀,4552. 코레일유통본사,1135
서초구,이수3팀,2524.반포쇼핑타운 8동 앞,1138
노원구,도봉2팀,2902.공릉풍림아파트 108동,1139
은평구,상암3팀,904. 은평뉴타운 푸르지오,1140
도봉구,도봉3팀,1729. 파리바게트앞,1141
강남구,학여울1팀,2396. 영동3교 북단(우성캐릭터 앞 보도),1142
광진구,중랑1팀,544. 광남중학교,1142
노원구,도봉2팀,4023. 월계역 1번 출구,1143
마포구,상암1팀,4238. 상암한샘빌딩앞,1143
마포구,상암1팀,403. 부엉이공원 앞,1144
중구,세종로 4팀,4794. 서울역 서부교차로(3),1144
강남구,이수3팀,2302. 교보타워 버스정류장(신논현역 3번출구 후면),1145
강북구,도봉4팀,3707. 드래곤타워 앞,1147
종로구,세종로2팀,328. 탑골공원 앞,1148
관악구,이수2팀,3815. 광일빌딩,1149
강서구,개화2팀,5059. 화곡2동주민센터,1151
서대문구,상암1팀,115. 마스타 빌딩 앞,1151
영등포구,영남3팀,299.여의도 순복음교회,1151
성북구,훈련원2팀,1339. 삼성전자서비스 성북센터,1154
성북구,훈련원2팀,1326. 상월곡역 1번출구,1154
동작구,이수2팀,2089.사당역10번출구(금강빌딩),1155
동작구,영남2팀,2020. 장승배기역2번출구뒷편쪽,1159
서초구,이수1팀,2251. 더케이호텔 입구(양재2),1159
도봉구,도봉3팀,1750. 창포원 남쪽 입구,1160
중랑구,중랑3팀,1429. 장안중학교,1160
구로구,천왕2팀,3919. 구로역·NC신구로점 버스정류장(구로역 방면),1161
관악구,영남2팀,3803. 남서울중학교,1163
도봉구,도봉3팀,1746. 다이소방학점 앞,1164
송파구,천호2팀,4860. 가락쌍용2차아파트 103동,1164
강남구,학여울2팀,2420.학여울역 사거리(LG베스트샵 앞),1164
서대문구,상암2팀,191. 서우빌딩,1165
종로구,세종로1팀,394. 경희궁 자이 3단지,1165
양천구,개화4팀,4537. 서울남부지방검찰청 후문,1167
관악구,영남2팀,3812. KT관악지점,1167
성북구,훈련원2팀,1368. 성신여대입구 교차로,1167
관악구,영남2팀,3818. 은천교회 앞,1168
영등포구,영남3팀,3204.도림고가도로 밑,1169
금천구,천왕3팀,3959. 시흥사거리(시흥동 994-3 앞),1170
서초구,이수3팀,2515.서초초등학교 후문,1170
마포구,상암1팀,4214. JTBC 앞,1170
서초구,이수3팀,2277. 길마중4교 하부,1171
영등포구,영남3팀,5851. 도림천 건널목 위,1172
강남구,학여울1팀,2315. 봉은사역 5번출구 옆,1172
강서구,개화2팀,3786. 강서힐스테이트 상가 앞,1173
서초구,이수3팀,2259. 잠원역 3번-4번 출구사이,1174
양천구,개화4팀,4517. 성보하이드로빌딩,1175
강북구,도봉4팀,1520. 성실교회,1175
성북구,훈련원2팀,1394.길음뉴타운 래미안9단지,1176
중구,세종로1팀,4797. KG타워 앞,1176
구로구,천왕1팀,1930. 개봉지구대 개봉치안센터,1177
영등포구,영남3팀,4569. 힐스테이트클래시안아파트,1179
중랑구,중랑3팀,4824. 상봉신협 앞,1179
은평구,상암2팀,4659. 신진과학기술고등학교 버스정류장(응암시장 방면),1181
송파구,천호2팀,1271. 송파도서관,1183
영등포구,영남3팀,4590. KRX한국거래소(2),1184
구로구,천왕1팀,1941. 오류동역 2번출구,1184
동작구,영남2팀,2009. 보라매역 8번출구,1186
도봉구,도봉3팀,4078. 원당공원 앞,1187
관악구,영남2팀,2191.대학동주민센터,1187
강서구,개화1팀,5063. 서남환경공원(방화동도시개발2단지방향),1187
도봉구,도봉3팀,1715. 서울특별시교육청도봉도서관,1188
강동구,천호1팀,1060. 천일초교 사거리,1189
강동구,천호1팀,1085.래미안 솔베뉴(고덕로),1189
서초구,이수1팀,2245.양재초등학교 맞은편,1190
성북구,훈련원2팀,1361. 홍익중고 입구,1190
강남구,이수3팀,2327. 뱅뱅사거리 랜드마크타워 앞,1191
광진구,중랑1팀,3864. 광진소방서 앞,1191
광진구,중랑1팀,3886.광진구 민방위교육센터,1192
동작구,이수2팀,2034. 사당역 7번출구쪽,1193
구로구,천왕2팀,1994. 삼성전자 물류센터 앞,1194
금천구,천왕3팀,1808. 에이스하이엔드타워8차 앞,1195
노원구,도봉2팀,4048. 신도1차아파트앞,1196
노원구,도봉1팀,4032. 은행사거리 성모빌딩 앞,1196
성동구,중랑2팀,3525. 금호스포츠센터앞,1199
중구,세종로1팀,391. 시립미술관,1199
동대문구,훈련원4팀,4123. 배봉초교 교차로,1200
동작구,이수2팀,2086.삼일수영장 앞,1200
구로구,천왕1팀,1965. 삼환로즈빌아파트 105동 옆,1201
노원구,도봉1팀,4014. 당고개역 3번 출구,1201
은평구,상암3팀,900. 은평예술회관,1202
중구,세종로2팀,472.삼일교(시그니쳐 타워),1204
관악구,영남2팀,2195.은천교회,1205
은평구,상암2팀,4677. 백련산 SK뷰 아이파크 해모로 아파트 앞,1206
용산구,세종로3팀,864.순천향대학병원(한남오거리),1206
강북구,도봉4팀,1564.4.19민주묘지역 1번출구,1208
마포구,상암1팀,4244. 당인리발전소 공원 앞,1209
중구,세종로2팀,321. KEB 하나금융그룹 명동사옥 옆,1210
마포구,상암1팀,3007.MBC 앞,1211
강남구,이수3팀,2421. 신논현역 4번출구,1211
마포구,상암1팀,155. 가좌역1 번출구 앞,1212
종로구,세종로1팀,395. 경희궁 자이 2단지,1214
서대문구,상암2팀,3131.연가교 교차로,1216
용산구,세종로3팀,843. 녹사평역 광장,1218
강남구,학여울2팀,2423.영희초교 사거리(래미안개포루체하임),1218
송파구,천호2팀,2652.송파 레미니스1단지 102동 앞,1223
송파구,천호2팀,4873. 개롱역사거리 2번 출구,1224
영등포구,영남3팀,256. 동아에코빌입구,1225
서초구,이수3팀,2503. 반포1동 서초빌딩 앞,1226
영등포구,영남1팀,4560. 양평동성원아파트,1227
서초구,이수1팀,2273. 일동제약 사거리,1230
중구,훈련원1팀,475.DDP 패션몰,1230
용산구,세종로 4팀,844. 이촌2동 동원베네스트 아파트 앞,1233
강북구,도봉4팀,1540. 가오리역,1233
송파구,학여울2팀,4468. 가락1동주민센터,1235
성북구,훈련원2팀,1334. 석관동주민센터 앞,1238
종로구,훈련원1팀,457. 종로꽃시장 입구 옆,1239
중랑구,중랑3팀,1408. 먹골역 6번출구 앞,1239
강남구,학여울1팀,2415.한티역 롯데백화점 앞,1242
동대문구,훈련원4팀,4105. 서울교통공사사거리 교통섬,1244
노원구,도봉1팀,2920.상계중학교(당현2교사거리),1245
강서구,개화3팀,5065. 허준박물관삼거리,1245
도봉구,도봉3팀,1716. 하나로마트 창동점,1246
강남구,학여울1팀,2372. 대치역 사거리,1248
서대문구,상암1팀,180. 충정로역 7번출구 아래,1248
서대문구,상암2팀,170. DMC파크뷰자이아파트 302동 앞,1249
양천구,개화3팀,4526. 목동아파트2단지 222동 앞,1250
강남구,학여울1팀,2365. K+ 타워 앞,1250
광진구,중랑1팀,3505. 신양초교앞 교차로,1251
강남구,학여울2팀,2412. 일원1동 주민센터,1251
서대문구,상암1팀,162. 봉원고가차도 밑,1251
구로구,천왕1팀,1929. 고척근린공원 고척도서관 앞,1251
송파구,천호2팀,4895. 위례포레샤인15단지 상가,1252
서초구,이수2팀,2511. 이수역 6번출구 앞,1253
종로구,훈련원1팀,356. KT혜화지사 앞,1253
강서구,개화2팀,5066. 아망떼마곡전시장,1254
동대문구,훈련원3팀,672.대광고등학교,1255
마포구,상암1팀,488.푸르메병원,1256
강서구,개화1팀,1165. 마곡중학교 후문,1260
동작구,영남2팀,2085.강남중학교 앞,1262
광진구,중랑1팀,515. 광양중학교 앞,1262
광진구,중랑1팀,3882. 자양2동 주민센터,1262
강북구,도봉4팀,1560. 도봉세무서 앞,1263
노원구,도봉1팀,1666. 노원소방서인근,1264
강동구,천호1팀,1072.고덕역 5번출구,1266
성동구,중랑2팀,3545.한양대역 1번출구,1266
송파구,천호2팀,4478. 문정근린공원2,1267
동대문구,훈련원3팀,673.안암골벽산아파트(후문),1267
서초구,이수3팀,2266. 서초역 3번출구,1268
구로구,천왕2팀,1960. 구로거리공원 동측(신도림역 방면),1269
강남구,학여울1팀,2369. KT선릉타워,1270
강남구,학여울1팀,2429.압구정로데오역 6번출구,1270
영등포구,영남3팀,254. 도림신협 앞,1270
강동구,천호1팀,1074.대명초교입구 사거리,1272
중구,세종로 4팀,485.서울역5번출구,1272
중랑구,중랑3팀,4820. 망우역 2번 출구,1272
양천구,개화2팀,732. 신월중학교,1273
은평구,상암3팀,949. 연신내역 1번 출구,1275
노원구,도봉1팀,4005. 중계2차 한화꿈에그린 101동 인근,1277
성동구,중랑2팀,4373. 서울숲 지식산업센터,1277
서초구,이수3팀,2213. 고속터미널역 5번출구 앞,1279
양천구,개화4팀,709. 신정3동 현장민원실 앞,1281
용산구,세종로 4팀,820. 청파동입구 교차로,1283
서초구,이수3팀,2531.멤피스아파트 앞,1283
용산구,세종로 4팀,800. 목월공원 앞,1283
양천구,개화3팀,752. 성원2차 아파트,1285
강남구,학여울1팀,2418.봉은사역 7번 출구,1285
도봉구,도봉3팀,1733. 방학사거리 (봄마당 앞),1287
용산구,세종로3팀,4629. 한강초교보도육교 앞,1287
종로구,세종로2팀,335. 종로3가역 15번출구 앞,1288
구로구,천왕2팀,1913. 구로리공원,1291
양천구,개화3팀,775.세종그랑시아 앞(102동),1291
중구,세종로 4팀,379. 서울역9번출구,1292
영등포구,영남3팀,4567. 한림대학교 강남성심병원 신관,1293
노원구,도봉1팀,1627. 수락산역 4번출구,1293
중랑구,중랑3팀,1470.중화동 우리은행 앞,1294
강동구,천호1팀,1080.엘웨딩,1295
구로구,천왕2팀,2823.중앙유통단지 앞,1295
도봉구,도봉3팀,1726. 삼익세라믹아파트교차로,1296
용산구,세종로 4팀,828. 숙대입구역 8번,1296
동대문구,훈련원4팀,617. 청솔우성아파트 앞,1296
영등포구,영남1팀,4556. 리버뷰신안인스빌1차 후문,1296
중구,세종로2팀,3013.서울지방고용노동청 앞,1299
양천구,개화3팀,774.등촌역 4번 출구,1301
구로구,천왕1팀,1928. 고척스카이돔구장 광장,1304
강서구,개화3팀,2709.강변아파트 310동 앞,1307
종로구,훈련원1팀,338. 세운스퀘어 앞,1309
중랑구,중랑3팀,1473.중랑역 1번 출구(중화문화복지센터),1310
마포구,상암1팀,4226. 마포프레스티지자이 1,1311
강동구,천호1팀,1036. 고덕동 주양쇼핑,1311
서초구,이수1팀,2202.청계산입구역 1번출구,1311
종로구,세종로2팀,3408.종로타워빌딩,1314
양천구,개화4팀,736. 오솔길공원,1314
중구,세종로1팀,300. 정동사거리,1315
성북구,훈련원2팀,1382.래미안월곡아파트 입구,1316
강남구,학여울1팀,2317. 삼성도로공원,1317
영등포구,영남3팀,289. 대림3동사거리,1317
강서구,개화2팀,1186. 송정중학교,1317
동대문구,훈련원4팀,610. 동대문중 교차로,1318
은평구,상암2팀,958. 본 서부병원 버스정류장(은평 세무서 방면),1319
용산구,세종로3팀,817. 삼각지역 4번출구 앞,1319
서대문구,상암2팀,3103. 홍제삼거리 북측,1320
중랑구,중랑3팀,1437. 늘푸른공원 앞,1321
중랑구,중랑3팀,"4809. 동성1,2차 아파트 앞",1322
은평구,상암3팀,932. 예일여중,1323
관악구,영남2팀,2187. 현대시장사거리,1323
동작구,이수2팀,2033. 사당동 아르테스 웨딩앞,1323
영등포구,영남3팀,281. 신동아아파트 앞,1324
은평구,상암2팀,985. 은평세무서 버스정류장(은평구청 방면),1324
중랑구,중랑3팀,1407. 먹골역 1번출구 뒤,1324
영등포구,영남3팀,4566. 대림성원상떼빌아파트,1325
중랑구,중랑3팀,1428. 원묵고등학교,1327
동작구,영남2팀,4171. 우성아파트 앞,1328
서초구,이수3팀,2523.뉴코아 킴스클럽 앞,1330
영등포구,영남3팀,223. 진주아파트상가 앞,1331
성동구,중랑2팀,4367. kt 행당빌딩 앞,1331
동대문구,훈련원4팀,622. 전농사거리 교통섬,1332
서초구,이수3팀,2504. 신사역 4번출구 뒤,1332
강서구,개화2팀,2711.가로공원공영주차장 1번 출구,1334
노원구,도봉2팀,1681. 현대6차 아파트,1334
강북구,도봉4팀,"1533. 번동 주공3, 4단지 교차로",1335
마포구,상암1팀,199. 서울 월드컵 경기장,1336
관악구,이수2팀,2112. 서울대입구역 마에스트로,1336
도봉구,도봉3팀,1709. 쌍문역4번출구 주변,1336
노원구,도봉2팀,2901.공릉동풍림아파트 101동,1337
송파구,학여울2팀,1247. 문정 법조단지11,1339
강남구,학여울1팀,2308. 압구정파출소 앞,1339
구로구,천왕1팀,1937. 한진아파트 입구,1340
송파구,천호2팀,4872. 개롱역 3번 출구 뒤,1341
강서구,개화2팀,5057. 마곡역4번출구,1341
종로구,훈련원1팀,3414.종로5가역 4번출구,1344
관악구,영남2팀,2105. 미성동 신림체육센터,1344
성동구,중랑2팀,562. 군자지하보도 앞,1345
중랑구,중랑3팀,1402. 금란주차장 앞,1345
구로구,천왕2팀,1907. 구일우성(아) 육교 밑,1348
송파구,학여울2팀,1233. 잠실3거리(갤러리아팰리스),1349
영등포구,영남3팀,3219.영등포역 1번출구,1350
용산구,세종로3팀,809. 한남 유수지 복개주차장,1351
강남구,학여울1팀,2324. 천주교 대치 2동 교회 옆,1352
송파구,학여울2팀,4894. 문정법조단지13,1352
송파구,학여울2팀,1257. 가락시장역 사거리,1353
종로구,훈련원1팀,3417.창신3동주민센터,1353
마포구,상암1팀,437. 대흥역 1번출구,1354
동작구,이수2팀,2090.기아자동차 사당점 앞,1356
영등포구,영남3팀,242. 신길선원가와인아파트 앞,1356
송파구,천호2팀,2656.풍납동 아이파크 107동 앞,1358
서대문구,상암2팀,3102. 연희삼거리,1358
구로구,천왕2팀,1983. 구로동롯데아파트,1359
종로구,훈련원1팀,456. 숭인2동 주민센터 입구,1360
송파구,학여울2팀,4869. 잠실나들목6,1361
강서구,개화1팀,3783. 마곡금호어울림아파트,1365
구로구,천왕2팀,3907. 신도림7차e편한세상아파트 806동 앞,1365
용산구,세종로 4팀,836. 현대자동차서비스 앞,1367
강북구,도봉4팀,1506. 강북문화예술회관,1368
노원구,도봉2팀,1642. 서울여대 남문,1369
종로구,세종로1팀,307. 서울역사박물관 앞,1370
서대문구,상암2팀,4264. 홍남교 버스정류장,1370
마포구,상암1팀,400. 상암한화오벨리스크 1차 앞,1371
구로구,천왕1팀,1931. 개봉역2번출구 A,1372
용산구,세종로 4팀,807. 서울역 12번 출구 앞,1373
노원구,도봉1팀,2911.상계역중앙시장,1375
종로구,훈련원1팀,455. 종로6가역 버스정류장(동대문 방향),1375
동대문구,훈련원3팀,4117. 휘경119안전센터 앞,1378
서초구,이수3팀,2540.반포천 앞,1380
용산구,세종로3팀,813. 삼각지역 3번출구,1382
은평구,상암2팀,4674. 녹번역e편한세상 캐슬 정문 앞,1383
구로구,천왕1팀,2821.청구아파트 앞,1385
중랑구,중랑3팀,4804. 동서울농협 앞,1386
영등포구,영남3팀,298.KBS 연구동 건너편,1386
노원구,도봉1팀,1697.상계주공2단지 219동,1386
서대문구,상암1팀,134. 연세로 명물길,1387
마포구,상암1팀,495.염리초등학교 앞,1387
강서구,개화2팀,2745.수명초등학교,1389
영등포구,영남1팀,239. 유스호스텔 앞,1391
동대문구,훈련원4팀,639. 서울시립대 후문,1391
영등포구,영남3팀,292. 영일 어린이공원,1392
동작구,이수2팀,2037. 동작역 5번출구 동작주차공원,1394
은평구,상암2팀,4652. 신사두산위브2차아파트 앞,1394
강서구,개화3팀,1136. 등촌2파출소,1395
중랑구,중랑3팀,1413. 봉화산역 5번출구 뒤,1395
강동구,천호1팀,"1051. 강일중,선사고 버스정류장(신암중학교 방면)",1398
은평구,상암3팀,962. 은평뉴타운 힐데스하임,1398
성북구,훈련원2팀,1305. 성북구청,1398
관악구,영남2팀,2170. 조원동서울본병원,1399
종로구,세종로1팀,309. 광화문역 6번출구 옆 B,1399
동작구,영남2팀,4175. 대방역2번출구,1402
중구,훈련원1팀,389. 을지로4가역 1번출구,1402
종로구,훈련원1팀,358. 성대입구 사거리,1403
성북구,훈련원2팀,1375. 생명의 전화 종합복지관 앞 교차로,1403
강서구,개화1팀,1194. 센서텍㈜,1403
송파구,천호2팀,4867. 가락대림아파트 앞,1406
강서구,개화3팀,2742.강서구민올림픽체육센터,1406
영등포구,영남1팀,3206.문래동 주민센터,1407
영등포구,영남3팀,286. 우성아파트 교차로,1408
도봉구,도봉3팀,4062. 평화도봉공원 주변,1410
노원구,도봉1팀,1682. 중계종합사회복지관 교차로,1410
송파구,천호2팀,1288. 문정중교 사거리,1413
강동구,천호1팀,3683. KT&G강동지사,1415
마포구,상암1팀,185. 마포 신수공원 앞,1417
마포구,상암1팀,126. 서강대 후문 옆,1417
강서구,개화2팀,5055. 마곡역5번출구앞,1418
중구,세종로2팀,4791. 명동역9번 출구,1420
동대문구,훈련원3팀,4113. 한국국방연구원 앞,1420
동대문구,훈련원3팀,637. KAIST 경영대학 앞,1420
용산구,세종로 4팀,846. 용산중학교,1420
동대문구,훈련원3팀,4102. 휘경1동주민센터 앞,1421
노원구,도봉2팀,4016. 노원 마들스타디움,1422
서초구,이수1팀,4317. 양재근린공원,1424
성동구,중랑2팀,4362. 행당중학교 후문,1424
서대문구,상암2팀,3101. 서대문구청,1425
은평구,상암2팀,917. 녹번역 3번출구,1426
성동구,중랑2팀,579. 마장역 4번출구,1426
강북구,도봉4팀,1548. 북서울 꿈의숲 서문,1428
마포구,상암1팀,427. 성산시영아파트,1429
금천구,천왕2팀,1848. 벽산 디지털밸리 5차,1429
영등포구,영남1팀,288. 쌍용예가(구청별관),1431
강서구,개화1팀,1108. 공항시장역 2번출구 뒤,1432
노원구,도봉1팀,1620. 중계동 노원구민체육센터 옆(중1-2),1435
서대문구,상암1팀,4267. 서대문역 2번 출구,1435
관악구,이수2팀,2119. 중앙동 동진빌딩,1436
중구,세종로2팀,320. 을지로입구역 4번출구 앞,1439
종로구,세종로2팀,354. 포르투갈 대사관 앞,1439
양천구,개화4팀,4510. 신정네거리역 교차로,1440
중구,훈련원1팀,390. 충무로역 1번출구,1440
종로구,세종로2팀,454. 종로2가 버스정류장 (종각방향),1440
중랑구,중랑3팀,1444. 면목4치안센터,1441
성북구,훈련원2팀,1322. 래미안라센트아파트 103동 앞,1443
성동구,중랑2팀,586. 마장동 주민센터,1443
강서구,개화2팀,1168. 마곡엠밸리10단지 앞,1443
구로구,천왕1팀,1953. 천왕역 4번출구 뒤,1444
노원구,도봉2팀,2904.중계3차청구아파트,1445
마포구,상암1팀,4210. 가좌행복주택 앞,1445
중랑구,중랑3팀,1461.동양엔파트 앞,1448
노원구,도봉2팀,4025. 한천교 동편,1448
중랑구,중랑3팀,4812. 묵동 이마트 앞,1449
강동구,천호1팀,1027. 프라자 아파트 앞,1449
송파구,천호2팀,1228. 마천사거리,1451
관악구,이수2팀,2111. 서울대입구역 1번출구,1452
노원구,도봉1팀,4004. 당고개입구오거리 당현천변,1453
구로구,천왕2팀,1962. 가리봉동주민센터,1456
중구,훈련원1팀,346. 맥스타일 앞,1457
강동구,천호1팀,3687. 신명초교입구 교차로,1458
마포구,상암1팀,145. 공덕역 5번출구,1458
송파구,천호2팀,4496. 잠실 파크리오 120동 앞,1460
강북구,도봉4팀,1557.신창교,1460
노원구,도봉2팀,1665. 양지근린공원앞,1461
광진구,중랑1팀,3528. 광진정보도서관,1462
용산구,세종로 4팀,805. 문배어린이공원 앞,1466
서초구,이수3팀,2538.사평리 공원,1468
용산구,세종로 4팀,835. 남영역 건너편,1469
영등포구,영남3팀,3220.래미안에스티움 앞 (신풍로),1470
강서구,개화1팀,3754. 신방화역 8번출구,1470
노원구,도봉2팀,2917.신창중학교 후문 맞은편 버스정류장,1472
도봉구,도봉3팀,1765.쌍문역 1번 출구(양산부인과 빌딩),1472
강남구,이수3팀,2362. 신사동 가로수길 입구,1473
강서구,개화1팀,3762. 마곡9단지 907동앞,1474
광진구,중랑1팀,553. 중곡 성원아파트 앞,1474
관악구,영남2팀,2179. 양녕로 입구,1475
송파구,학여울2팀,2658.가락몰 업무동,1481
동대문구,훈련원3팀,633. 청량리 기업은행 앞,1484
강남구,이수3팀,3606. 신사동주민센터 옆,1485
종로구,훈련원1팀,4711. 올림픽기념 국민생활관 로터리,1486
관악구,영남2팀,3814. 난곡사거리,1486
송파구,학여울2팀,4884. H비즈니스파크,1487
노원구,도봉1팀,1639. 희성오피앙,1488
광진구,중랑1팀,3529. 어린이대공원정문,1489
종로구,세종로2팀,353. 재동초교 앞 삼거리,1490
은평구,상암2팀,984.상신초등학교앞 버스정류장,1490
마포구,상암1팀,440. 하늘공원 입구,1491
종로구,세종로1팀,367. 독립문역 3-1번출구,1492
성동구,중랑2팀,519. 양지사거리,1494
중랑구,중랑3팀,1440. 면목2동 사거리,1495
종로구,세종로1팀,461. 서울지방경찰청,1495
종로구,세종로2팀,4708. 조계사앞사거리,1495
양천구,개화2팀,739. 신월사거리,1496
강남구,학여울1팀,2431.대치역 7번출구,1497
도봉구,도봉3팀,1707. 도봉구민회관,1501
노원구,도봉1팀,1691. 노원정보도서관,1501
성동구,중랑2팀,4383. 푸조비즈타워 앞,1501
노원구,도봉1팀,4018. 상계주공15단지 버스정류소,1501
양천구,영남1팀,4532. 목동현대아파트 후문 앞,1502
구로구,천왕1팀,1966. 한마을아파트 정문상가,1502
노원구,도봉1팀,4026. 상계주공1단지아파트,1505
송파구,천호2팀,1229. 송파체육문화회관 앞,1506
강서구,개화1팀,2725.서울식물원 식물문화센터,1507
송파구,학여울2팀,1286. 위례중앙푸르지오 1단지 앞,1507
양천구,천왕1팀,763. 목동11단지 아파트,1507
종로구,훈련원1팀,3420. 성균관대입구사거리,1508
양천구,개화4팀,4522. 신곡시장,1508
서초구,이수1팀,2294. 두상빌딩 앞,1510
구로구,천왕2팀,1957. 구일고등학교 정문,1511
중랑구,중랑3팀,1411. 상봉시장앞 교차로 한성빌딩 앞,1511
용산구,세종로3팀,849. 삼각지 자이아파트,1513
송파구,학여울2팀,4460. 올림픽훼미리아파트 112동 앞,1517
종로구,세종로2팀,464. 삼청동 골목,1518
중랑구,중랑3팀,1403. 중화빌딩 앞 (동부시장),1518
종로구,훈련원1팀,345. 서울보증보험본사 앞,1521
영등포구,영남3팀,3214.영등포 푸르지오,1522
종로구,훈련원1팀,453. 종로오가 지하쇼핑센터 14번출구,1523
마포구,상암1팀,105. 합정역 5번출구 앞,1524
양천구,개화4팀,711. 신일해피트리아파트 앞,1526
은평구,상암3팀,961. 불광역 9번 출구,1527
은평구,상암3팀,916. 평생학습관 앞,1529
노원구,도봉1팀,4019. 상계주공10단지 버스정류소,1529
서대문구,상암2팀,4255. 래미안 루센티아 아파트 108동 앞,1532
송파구,학여울2팀,4852. 서울복합물류 게이트 1,1533
노원구,도봉2팀,1606. 태릉입구역 3번출구,1533
양천구,개화3팀,742. 등촌역 5번 출구 뒤,1533
송파구,천호2팀,4891. 위례포레샤인17단지 위례대로 방면,1533
노원구,도봉2팀,1685. 불암고등학교 앞 횡단보도,1535
송파구,학여울2팀,1296. 석촌호수교차로 (송파나루근린공원 앞),1535
송파구,천호2팀,2642.마천동 성내천 쉼터,1538
강서구,개화1팀,3775. 가양오토갤러리,1538
도봉구,도봉3팀,1744.KT방학지사 앞,1539
동대문구,훈련원4팀,669.청계한신휴플러스앞 삼거리,1541
구로구,천왕1팀,1964. 원메디타운 앞,1541
양천구,개화4팀,758. 한사랑교회 앞,1542
서대문구,상암2팀,3120.DMC엘가아파트 앞,1542
광진구,중랑1팀,3587.우성식품 앞,1543
성북구,훈련원2팀,1333. 석관초등학교 앞,1543
광진구,중랑1팀,571. 어린이대공원역6번출구,1545
동작구,영남2팀,2016. 신대방삼거리역 3번출구쪽,1547
강북구,도봉4팀,1514. 강북구청 사거리 버스정류소 앞,1547
동대문구,훈련원4팀,624. 전농동 동아아파트 앞,1548
강남구,학여울1팀,2332. 선릉역3번출구,1550
동대문구,훈련원4팀,4108. 답십리파크자이아파트 앞,1551
서대문구,상암2팀,3128.동신병원 맞은편,1551
서대문구,상암2팀,165. 중앙근린공원,1553
종로구,세종로2팀,4713. 현대 뜨레비앙 아파트 앞,1553
강서구,개화1팀,3782. 겸재정선미술관,1555
용산구,세종로3팀,839. 보광동 삼성리버빌아파트 앞,1557
강서구,개화1팀,3758. 서울남부출입국관리소,1557
성북구,훈련원2팀,1318. 길음역 3번출구 뒤,1559
송파구,천호2팀,1277. 성내6교,1559
강서구,개화1팀,2710.라이품 공영주차장 앞,1559
동대문구,훈련원4팀,625. 답십리초등학교 앞(현대시장 옆),1564
용산구,세종로 4팀,819. 선린인터넷 고등학교,1565
중구,훈련원1팀,380. CJ제일제당 앞,1566
영등포구,영남1팀,3215.강변삼성래미안,1566
동작구,이수2팀,2077.노들역 3번출구,1567
마포구,상암1팀,143. 공덕역 2번출구,1567
도봉구,도봉3팀,1767.태양중앙교회 앞,1569
은평구,상암3팀,908. 구산역 4번출구,1570
강남구,학여울1팀,2413.도곡역 1번 출구,1571
양천구,개화3팀,749. 이대목동병원보도육교,1571
마포구,상암1팀,124. 서강대 정문 건너편,1572
강서구,개화1팀,2740.마곡레포츠센터,1574
노원구,도봉2팀,4011. 월계 센트럴 아이파크,1576
종로구,훈련원1팀,359. 원남동사거리,1577
금천구,천왕3팀,1830. 빅마켓 금천점 앞,1582
종로구,훈련원1팀,341. 혜화역 3번출구 뒤,1582
성북구,훈련원2팀,1396.래미안장위퍼스트하이(513동),1582
송파구,천호2팀,2604. 풍납토성 서성벽터A,1582
노원구,도봉1팀,4028. 한일유앤아이아파트 105동 인근,1590
송파구,천호1팀,1274. 영파여고 앞,1591
서초구,이수1팀,2244.교육개발원입구 교차로,1595
중랑구,중랑3팀,1478.홈플러스 상봉점 앞,1595
종로구,훈련원1팀,339. 종로4가 사거리,1596
영등포구,영남3팀,255. 도림사거리,1597
성북구,훈련원2팀,1338. 용문2교 옆,1599
관악구,영남2팀,2189. 봉천역 4번출구,1599
송파구,학여울2팀,1249. 아주중학교건너편,1601
동대문구,훈련원3팀,4104. 외대앞역 교차로,1605
중랑구,중랑3팀,1456. 상아빌딩(우림시장 교차로),1606
광진구,중랑1팀,3502. 중곡역 1번출구,1607
서대문구,상암2팀,3121.가좌삼거리,1607
중구,세종로2팀,433. 을지로입구역 2번출구,1608
송파구,천호2팀,1214. 오금역 7번 출구 인근,1608
구로구,천왕1팀,1987. 개봉아이파크아파트 앞,1608
영등포구,영남3팀,234. 영등포구민체육센터 앞,1608
강서구,개화1팀,3756. 마곡힐스테이트 정문,1610
강북구,도봉4팀,1565.대한병원앞,1614
구로구,천왕2팀,1908. 해원리바파크 육교 밑,1615
영등포구,영남1팀,3201.당산skv1센터,1615
강서구,개화1팀,5053. 신마곡벽산블루밍메트로오피스텔앞,1617
서초구,이수1팀,2276. 영동1교 (양재천근린공원),1617
광진구,중랑1팀,3507. 어린이회관,1617
은평구,상암2팀,4657. 본 서부병원 교차로 사거리,1618
영등포구,영남3팀,270. 증권거래소후문교차로,1618
성북구,훈련원2팀,1327. 상월곡역 3번출구,1619
강서구,개화3팀,1174. 강서구청사거리(부민병원),1620
노원구,도봉1팀,4031. 청암예술학교 앞,1620
용산구,세종로3팀,4619. 한강트럼프월드3차 앞,1620
강동구,천호1팀,1012. 서울 상운차량,1620
동대문구,훈련원4팀,627. 장안동삼거리 교통섬,1622
송파구,천호2팀,1265. 문정동 근린공원,1626
구로구,천왕2팀,1956. 동아1차APT105동 버스정류장(신도림중학교 방면),1628
중랑구,중랑3팀,1431. 중랑구청 사거리,1628
구로구,천왕2팀,1975. 대림역 1번 출입구 밑,1629
성북구,훈련원2팀,1385.성신여대입구역 3번출구 앞,1629
중랑구,중랑3팀,4819. 면목동 새싹어린이공원 앞,1630
성동구,중랑2팀,530. 청계벽산아파트 앞,1631
영등포구,영남1팀,4557. 리버뷰신안인스빌2차 후문,1632
강서구,개화1팀,5062. 마곡동 767-6,1634
강동구,천호1팀,1075.천동초교 삼거리,1634
서초구,이수1팀,2247.섬들근린공원,1635
중랑구,중랑3팀,1416. 상봉역 3번출구,1637
광진구,중랑1팀,3860. 건국대학교 정문 앞,1637
광진구,중랑1팀,516. 광진메디칼 앞,1638
강서구,개화2팀,1148. 볏골공원,1639
성북구,훈련원2팀,1372. KEB은행 고대점,1641
강서구,개화3팀,1170. 강서구보건소,1641
금천구,천왕3팀,1841. 가산동 주민센터,1642
강서구,개화2팀,2746.수명산파크 4단지 411동 앞,1643
중랑구,중랑3팀,1471.동양쇼핑 정류소 앞,1643
도봉구,도봉3팀,1705. 도봉구청 정문앞,1643
영등포구,영남1팀,231. 남부고용노동지청 남측,1644
관악구,영남2팀,2169. 봉천역 2번출구,1645
송파구,학여울2팀,4875. 위례포레샤인13단지,1645
송파구,학여울2팀,1206. 9호선종합운동장역 9번출구,1646
강동구,천호1팀,1081.트레빌빌딩,1647
강동구,천호1팀,1030. 미호 플랜트 앞,1647
동대문구,훈련원4팀,4114. 휘경여중고삼거리,1650
강남구,학여울2팀,2342. 대청역 1번출구 뒤,1651
중구,세종로 4팀,826. 서울역 서부교차로2,1655
강서구,개화2팀,1177. 수명중?고교,1659
종로구,세종로1팀,348. 독립문역 사거리,1659
동대문구,훈련원3팀,663. 외대앞역 4번출구,1660
도봉구,도봉3팀,4080. 창동주공19단지앞,1663
양천구,개화4팀,722. 경서농협 버스정류장(우리은행신정동지점방향),1664
구로구,천왕1팀,1933. 개봉푸르지오아파트 상가,1666
송파구,학여울2팀,2633.송파학사 옆,1668
강서구,개화4팀,2737.까치산역 3번 출구,1670
관악구,이수2팀,2104. 사당역 5번출구,1670
중구,훈련원1팀,4792. 퇴계로4가 교차로(중구청),1671
강서구,개화4팀,1146. 곰달래사거리,1672
강남구,이수3팀,2407. 역삼.서초.삼성 세무서 앞 (역삼빌딩 앞),1672
송파구,학여울2팀,4854. 가락시장역 2번 출구,1673
강동구,천호1팀,3684. 고덕자이(105동 앞),1674
노원구,도봉2팀,1640. 한내근린공원 북측,1676
강서구,개화1팀,2702. 마곡 엠밸리2단지,1680
강동구,천호1팀,3656. 둔촌푸르지오아파트,1681
송파구,천호2팀,2651.경찰병원역 3번출구 앞,1682
강동구,천호1팀,1028. 포레스 주상복합 빌딩,1684
성북구,훈련원2팀,1390.석관래미안아트리치,1686
송파구,학여울2팀,4491. 장지역 1번출구,1690
송파구,천호2팀,2644. 성내5교,1690
구로구,천왕2팀,3914. 신도림쌍용플래티넘노블아파트 앞,1691
강동구,천호1팀,1086.래미안 솔베뉴(구천면로),1691
강남구,이수3팀,2303. 논현역 10번출구,1692
송파구,천호2팀,1267. 올림픽공원 남2문 앞,1693
중구,세종로 4팀,445.대한상공회의소,1694
영등포구,영남1팀,266. 영등포청과시장 사거리,1695
구로구,천왕2팀,1959. 구로구의회 앞,1696
은평구,상암2팀,943. 은평구청 보건소,1699
강서구,개화3팀,1185. 등촌9단지,1702
강서구,개화3팀,5075. 등촌역 1번출구,1704
중랑구,중랑3팀,1446. 중랑전화국 교차로,1705
동대문구,훈련원4팀,657. 동대문롯데캐슬아파트 앞,1707
양천구,영남1팀,762. 오목로 무중력지대 앞,1707
강서구,개화2팀,1141. 곰달래 문화복지센터 1-1,1708
성동구,중랑2팀,557. 도선동 주민센터 앞,1709
강서구,개화2팀,2713.우장초등학교 앞,1711
동대문구,훈련원3팀,661. 경희대학교 청운관,1711
성북구,훈련원2팀,1319. 종암사거리 분수대,1712
구로구,천왕2팀,1974. 신도림2차e편한세상아파트 203동 앞,1712
강동구,천호1팀,1061. 천호초교 입구 사거리(일주빌딩),1715
강서구,개화3팀,1139. 용문사 버스정류장,1715
구로구,천왕2팀,1920. 서울미래초등학교 사거리,1718
종로구,세종로1팀,301. 경복궁역 7번출구 앞,1718
노원구,도봉1팀,1667. 중계중학교,1719
관악구,영남2팀,2175. 신림동걷고싶은문화의거리입구,1722
강동구,천호1팀,1059. 래미안 강동팰리스(102동),1722
성동구,중랑2팀,513. 뚝섬역 5번 출구 정류소 옆,1725
광진구,중랑1팀,3566.우성4차아파트,1725
용산구,세종로3팀,4633. 센트럴파크타워 앞,1725
강북구,도봉4팀,1535. 효성인텔리안 앞,1726
강서구,개화1팀,2735.마곡 공공청사,1727
성동구,중랑2팀,559. 왕십리역 4번 출구 건너편,1729
마포구,상암1팀,412. DMC산학협력연구센터 앞,1729
도봉구,도봉3팀,1708. 보건소사거리(다비치안경창동점),1731
강서구,개화1팀,2707.한강아파트,1731
강남구,학여울2팀,2404. 대모산입구역 4번 출구 앞,1748
마포구,상암1팀,4222. 서울디자인고등학교 앞,1750
종로구,세종로2팀,327. 낙원상가 옆,1751
강서구,개화2팀,2741.마곡수명산파크5-6단지,1751
동작구,영남2팀,237. 보라매 두산위브 건너편,1751
용산구,세종로3팀,832. 이촌1동 주민센터 뒤,1752
종로구,훈련원1팀,355. 서울사대부속초교 앞,1755
강서구,개화3팀,1175. 대한항공 인력개발센터,1759
도봉구,도봉3팀,1762.북한산 한신휴플러스APT앞,1762
성북구,훈련원2팀,1362. 보문역6번출구 앞,1763
중구,세종로1팀,310. 청계광장 옆,1764
노원구,도봉2팀,1670. 노원경찰서교차로,1765
서대문구,상암2팀,178. 증산3교 앞,1766
강서구,개화2팀,2732.마곡수명산 1-2단지,1767
관악구,영남2팀,2164. 관악우체국,1769
중랑구,중랑3팀,1433. 중화역 2번출구,1770
마포구,상암1팀,490.가온문화공원,1774
종로구,훈련원1팀,3415.동대문역6번출구,1775
강남구,학여울1팀,2414. 도곡역 아카데미스위트 앞,1776
영등포구,영남1팀,264. 교보생명보험 앞,1777
동대문구,훈련원3팀,605. 신설동역8번출구,1778
영등포구,영남1팀,238. 제2구민체육센타 앞,1780
종로구,훈련원1팀,344. 성균관대 E하우스 앞,1781
동작구,이수2팀,2060. 남성역3번출구 뒤,1787
동작구,영남2팀,2007. 유한양행앞,1788
마포구,상암1팀,492.성산시영아파트 후문,1789
마포구,상암1팀,112. 극동방송국 앞,1790
서초구,이수3팀,2211. 서초구립반포도서관 앞,1791
광진구,중랑1팀,3868. 자양한강도서관,1792
성동구,중랑2팀,4377. 우영테크노센터 앞,1793
광진구,중랑1팀,3879. 중랑천 뚝방길 산책로 입구,1794
종로구,세종로2팀,3432.종로2가 사거리,1798
관악구,영남2팀,2115. 관악구시설관리공단,1801
서초구,이수3팀,2279. 교대역 5번출구뒤,1805
강서구,개화2팀,3764. 관문주유소(GS칼택스) 앞,1805
동작구,영남2팀,4169. 신대방삼거리,1805
노원구,도봉2팀,2909. 석계역 3번 출구,1806
동작구,영남2팀,2054. 삼익아파트,1806
중랑구,중랑3팀,1401. 극동늘푸른아파트,1809
마포구,상암1팀,411. DMC홍보관,1810
강서구,개화1팀,3774. 마곡9단지 910동 상가앞,1811
서초구,이수1팀,2508. 양재이스타빌 앞,1813
노원구,도봉1팀,1689. 마들역 3번출구,1814
노원구,도봉2팀,4036. 하계역 6번출구,1814
관악구,영남2팀,3811.신사로입구,1818
노원구,도봉1팀,4020. 중계동 성모빌딩 앞,1822
서대문구,상암2팀,179. 가좌역 4번출구 앞,1822
광진구,중랑1팀,3581.광진광장,1825
중구,훈련원1팀,387. 훈련원공원주차장 앞,1826
양천구,개화3팀,"773.염창역 3, 4번 출구 사이",1827
구로구,천왕2팀,1984. 구로구청,1827
성동구,중랑2팀,3549.건영아파트 앞,1834
금천구,천왕3팀,1804. 독산역 2번출구 자전거주차장,1836
광진구,중랑1팀,577. 광진청소년수련관,1838
광진구,중랑1팀,3578.중곡동 파크웨이빌딩,1841
양천구,개화3팀,700. KB국민은행 염창역 지점 앞,1841
용산구,세종로 4팀,834. 효창공원앞역 3번출구 뒤,1845
구로구,천왕1팀,1952. 천왕연지타운2단지 앞,1845
강남구,학여울2팀,2384. 자곡사거리,1849
양천구,개화3팀,754. 목동1단지아파트 118동 앞,1850
강서구,개화2팀,3759. 이대서울병원,1852
서대문구,상암2팀,3125.연희파크푸르지오아파트 앞,1853
서초구,이수3팀,2530.삼호3차아파트 앞,1858
관악구,영남2팀,2103. 신림동 우방아파트,1859
광진구,중랑1팀,546. 잠실대교북단 교차로,1859
강서구,개화2팀,3760. 발산역 8번 출구,1860
영등포구,영남3팀,204. 국회의사당역 5번출구 옆,1861
마포구,상암1팀,109. 제일빌딩 앞,1861
강서구,개화3팀,1121. 가양레포츠센터 앞,1862
영등포구,영남1팀,265. 영등포유통상가 사거리,1863
구로구,천왕1팀,1991. 오류동역 맞은편,1863
강동구,천호1팀,1021. 강일동 리슈빌 빌딩앞,1864
마포구,상암1팀,420. 서울시 공공자전거 상암센터,1867
노원구,도봉1팀,1657. 노원구청,1867
양천구,개화3팀,701. 목동사거리 부근,1868
송파구,천호2팀,1260. 방이동 한양3차아파트 옆,1868
강서구,개화2팀,3785. 마곡14단지 1408동앞,1869
중구,훈련원1팀,481.신당역 10번 출구,1869
종로구,세종로2팀,385. 종각역 5번출구,1871
송파구,천호2팀,1226. 잠실4동 주민센터 옆,1874
종로구,세종로2팀,4705. 웰니스센터(민방위교육장 앞),1876
서대문구,상암2팀,166. 가재울 초등학교,1878
중랑구,중랑3팀,1450. 화랑대역 7번출구,1879
구로구,천왕2팀,3905. 희훈타워빌 앞,1880
강북구,도봉4팀,1530. 광산사거리,1885
강북구,도봉4팀,1552. 강북구청사거리(던킨도너츠 앞),1887
서초구,이수3팀,2231. 삼성타운(삼성생명) A동 맞은편,1887
송파구,학여울2팀,1245. 문정 법조단지9,1888
양천구,개화3팀,4527. 목동신시가지아파트6단지,1890
송파구,학여울2팀,2605. 복정역 1번 출구 앞,1893
성북구,훈련원2팀,4418. 종암동 동덕여대 제2생활관 앞,1893
양천구,개화3팀,768.목동5단지아파트 501동,1898
동작구,영남2팀,2003. 사육신공원앞,1899
관악구,영남2팀,2108. 은천치안센터,1904
마포구,상암1팀,111. 상수역 2번출구 앞,1905
중랑구,중랑3팀,1404. 동일로 지하차도,1907
노원구,도봉2팀,4024. 꿈의숲 SK뷰 아파트,1908
종로구,세종로2팀,334. 종로3가역 2번출구 뒤,1909
양천구,개화4팀,716.신정6동 주민센터 인근,1914
영등포구,영남1팀,4598. 오목교 동측 지하보도,1919
도봉구,도봉3팀,4077. 도봉제1교,1920
송파구,학여울2팀,2648.헬리오시티 112동 앞,1920
서초구,이수2팀,2221. 방일초교 마을버스 정류장,1922
광진구,중랑1팀,3865. 이튼타워리버 2차,1923
성동구,중랑2팀,507. 성수아이에스비즈타워 앞,1924
은평구,상암3팀,933. 역촌종합시장 버스정류장(예일여고 방면),1924
서초구,이수3팀,2505. 우성아파트사거리 (기업은행앞),1926
강서구,개화3팀,1172. 가양3동 주민센터,1931
강동구,천호1팀,1088.풍납사거리(강동),1932
종로구,세종로2팀,314. 국립현대미술관,1938
강서구,개화1팀,3757. 신방화역 6번출구,1940
중구,세종로2팀,4796. 부산은행,1943
양천구,영남1팀,756. 목동주차장,1944
송파구,학여울2팀,4876. 삼전동주민센터 앞,1946
노원구,도봉2팀,1605. 헬스케어,1946
강북구,도봉4팀,"1501. 미아역 3번,4번 출구 사이",1947
종로구,세종로1팀,4710. 자교교회 앞,1950
강서구,개화1팀,1190. 마곡역 교차로(2번출구),1955
용산구,세종로3팀,816. 신용산역 6번출구 앞,1964
중랑구,중랑3팀,1462.동부시장 북문 앞,1967
동작구,이수2팀,2032. 이수역 11번출구쪽,1969
강동구,천호1팀,1076. 천동초교입구사거리 버스정류장(십자성마을 방면),1969
송파구,천호2팀,1227. 거여역 8번출구 뒤,1971
성동구,중랑2팀,537. 한양대후문역 부근,1975
송파구,천호2팀,2638.쌍용아파트,1975
관악구,영남2팀,2106. 세이브마트,1976
노원구,도봉1팀,2913.상계8동 주민센터,1976
은평구,상암1팀,972. 수색역,1982
마포구,상암1팀,426. 서울신용보증재단,1984
마포구,상암1팀,3011.경의선(노고산동),1984
노원구,도봉1팀,4003. 상계초교 입구 교차로 명주빌딩 앞,1987
영등포구,영남1팀,4594. 양평교 영등포대여소,1990
송파구,천호2팀,4500. 풍납나들목,1991
동작구,영남2팀,2056. 동작구민 체육센터,1992
종로구,세종로1팀,369. 광화문 시민열린마당,1993
동작구,영남2팀,2067. 보라매역?동작세무서 버스정류장(강남중학교방면),1999
서초구,이수1팀,2252. 잔디마을 마을버스 정류장,2000
노원구,도봉1팀,1690. 도봉운전면허시험장 버스정류장 옆,2000
성북구,훈련원2팀,1369. 미아사거리,2002
영등포구,영남3팀,4575. 대림동 e편한세상영등포아델포레,2002
송파구,천호2팀,2653.올림픽공원사거리(선수촌아파트),2003
강서구,개화2팀,5070. 마곡13단지힐스테이트마스터 후문(1320동 앞),2008
양천구,개화3팀,702. 목4동주민센터 옆,2009
중구,훈련원1팀,473.을지로4가역 9번출구,2009
중구,세종로2팀,398. 을지로3가역 3번출구,2012
용산구,세종로3팀,815. LIG강촌아파트 103동앞,2013
성동구,중랑2팀,558. 성동광진 교육지원청 앞,2015
서대문구,상암1팀,116. 일진아이윌아파트 옆,2015
성동구,중랑2팀,4381. 더스페이스타워 앞,2016
송파구,천호2팀,1204. 거여역 3번출구,2018
송파구,천호2팀,1212. 송파역 2번 출구앞,2020
금천구,천왕3팀,1834. 월드메르디앙 벤처센터 2차,2021
노원구,도봉2팀,1602. 광운대역 앞,2027
강서구,개화1팀,2706.강서공업고등학교 앞,2031
양천구,개화3팀,747. 목동3단지 상가,2031
마포구,상암1팀,4218. 디지털매직스페이스,2032
노원구,도봉2팀,4041. 공릉역3번출구,2033
성동구,중랑2팀,582. 경일중학교 앞,2034
구로구,천왕2팀,1958. 강서수도사업소민원센터,2034
송파구,학여울2팀,4897. 잠실주공5단지1,2038
성동구,중랑2팀,3550.금호나들목,2039
동대문구,훈련원3팀,615. 용두동 래미안허브리츠아파트 앞,2040
서대문구,상암2팀,3119.연희 브라운스톤 아파트 앞,2040
강동구,천호1팀,3671. 둔촌동역교차로,2046
중랑구,중랑3팀,4813. 망우지구대,2048
성북구,훈련원2팀,1336. 성북3교 위,2050
강서구,개화1팀,5064. 양천향교역8번출구,2055
영등포구,영남3팀,252. 보라매역4번출구,2056
강서구,개화1팀,2724.(재)FITI시험연구원,2064
마포구,상암1팀,107. 신한은행 서교동지점,2065
송파구,천호1팀,1208. 풍납현대아파트쉼터,2067
도봉구,도봉3팀,1737. 하나은행 (창동점),2071
마포구,상암1팀,157. 애오개역 4번출구 앞,2072
영등포구,영남3팀,3212.신풍역 6번출구,2074
동대문구,훈련원3팀,674.고대앞사거리 교통섬,2076
성동구,중랑2팀,4382. 페코텍글로벌허브빌딩 앞,2076
종로구,세종로2팀,326. 안국역 5번출구 앞,2076
용산구,세종로 4팀,838. 숙대입구역 4번출구,2078
중구,훈련원1팀,4765. 동대문디자인플라자,2079
강서구,개화3팀,1169. 염창역 1번 출구,2081
강서구,개화2팀,1128. 화곡역 6번출구,2081
노원구,도봉2팀,4008. 하계 어린이 공원,2082
관악구,이수2팀,2171. 서울대입구역 5번출구,2084
마포구,상암1팀,438. 성산2-1 공영주차장,2085
송파구,학여울2팀,1269. 리센츠아파트,2090
강서구,개화2팀,5061. 우장산동 가곡어린이공원앞,2095
양천구,개화4팀,794.양천문화회관,2102
양천구,개화3팀,793.목동5단지아파트 534동,2104
양천구,천왕1팀,4535. 목동12단지 아파트,2107
중구,훈련원1팀,374. 청구역 2번출구 앞,2110
강서구,개화1팀,3778. 김포공항입구 교차로,2110
성동구,중랑2팀,3560.성동구 견인차량 보관소 앞,2111
송파구,학여울2팀,1224. 아시아지하보도 2번 출구,2111
도봉구,도봉3팀,1738. 창동주공17단지 상가앞,2114
강동구,천호1팀,1004. 삼성광나루아파트 버스정류장,2116
광진구,중랑1팀,3586.군자역 비채온 오피스텔,2119
강서구,개화1팀,1113. 서남환경공원 버스정류장,2119
종로구,훈련원1팀,340. 혜화동 로터리,2119
동대문구,훈련원3팀,650. 중랑교사거리,2120
성동구,중랑2팀,550. 서울시설공단 앞,2120
종로구,세종로2팀,368. SK 서린빌딩 앞,2128
강동구,천호1팀,1022. 길동 사거리(초소앞),2133
구로구,천왕2팀,2000. 신도림4차 e편한세상 아파트 1109동 앞,2136
구로구,천왕2팀,1912. 한신휴아파트 앞,2137
노원구,도봉2팀,1683. 노원문화예술회관,2137
마포구,상암1팀,414. 상암동주민센터 옆,2137
강동구,천호1팀,1017. 둔촌고교입구 교차로(길동주민센터 방면),2144
강서구,개화2팀,3796. 송정역 3번출구 앞,2149
강서구,개화2팀,1127. 화곡역 버스정류장,2150
양천구,개화3팀,719. 홍익병원앞 교차로,2150
성북구,훈련원2팀,4408. 돌곶이역 앞,2150
노원구,도봉1팀,5301. 상계주공1단지 버스정류장 옆(대원빌딩 앞),2153
강남구,학여울1팀,2335. 3호선 매봉역 3번출구앞,2160
성북구,훈련원2팀,1384.성신여대입구역 5번출구,2163
서초구,이수3팀,2525.반포쇼핑타운 2동 앞,2163
송파구,천호2팀,1259. 방이역 1번출구,2164
강서구,개화1팀,2727.서울식물원 잔디마당 앞,2165
중랑구,중랑3팀,1448. 코스트코 상봉점,2167
종로구,세종로2팀,329. 청계2가 사거리 옆,2168
강서구,개화3팀,1140. 목동사거리 버스정류장,2178
영등포구,영남3팀,258. 신길역3번출구,2179
강서구,개화1팀,1155. 기쁜우리복지관,2182
광진구,중랑1팀,543. 구의공원(테크노마트 앞),2184
노원구,도봉1팀,1668. 중계역 6번출구,2186
강서구,개화2팀,2718.마곡수명산파크1단지,2191
서대문구,상암1팀,128. 신촌역(2호선) 1번출구 옆,2192
서초구,이수2팀,2222.사당역 12번출구 뒤,2195
동대문구,훈련원4팀,678.장안힐스테이트(아) 앞,2197
성북구,훈련원2팀,1380.월곡역 5번출구 앞,2198
강동구,천호1팀,1001. 광진교 남단 사거리(천호공원 방면),2198
양천구,영남1팀,786.목동아파트 8단지 상가동 앞,2200
광진구,중랑1팀,3573.광나루안전체험관,2201
동작구,영남2팀,2070. 노량진역 2번 출구 앞,2206
구로구,천왕2팀,1901. 신도림동주민센터 앞,2210
중랑구,중랑3팀,1455. 상봉역 2번 출구,2210
노원구,도봉1팀,4037. 물넘이교,2214
구로구,천왕1팀,1977. 천왕역 1번 출입구 앞,2214
종로구,훈련원1팀,3416.동묘앞역 6번출구,2219
영등포구,영남1팀,244. 영등포삼환아파트 앞,2221
강동구,천호1팀,1035. 고덕역 4번출구,2223
서초구,이수2팀,2230.이수역 4번 출구,2223
동대문구,훈련원4팀,626. 군자교 서측 녹지대,2223
마포구,상암1팀,182. 망원2빗물펌프장 앞,2224
영등포구,영남1팀,296.KT플라자 영등포점,2228
강북구,도봉4팀,1529. 미아동 한국전력공사,2229
강동구,천호1팀,1048. 둔촌어린이공원,2230
노원구,도봉2팀,4007. 노원 을지대학교 병원,2231
강서구,개화3팀,1120. 대림경동아파트앞,2232
영등포구,영남1팀,3205.문래현대2차,2234
성북구,훈련원2팀,1359. 장위뉴타운 꿈에 숲 코오롱 하늘채 앞,2238
종로구,훈련원1팀,363. 신설동역 11번출구 뒤,2240
영등포구,영남1팀,290. 당산동 SK V1 빌딩,2240
동대문구,훈련원3팀,609. 제기2교,2242
중구,훈련원1팀,4798. 황학동롯데캐슬,2243
송파구,학여울2팀,2618. 삼전역 1번출구,2245
노원구,도봉2팀,1669. 중계역 3번출구,2246
동대문구,훈련원3팀,635. 시조사 앞 (청량고정문 옆),2247
동대문구,훈련원4팀,4121. 서울문화재단 앞,2248
성동구,중랑2팀,508. 성수아카데미타워 앞,2248
강서구,개화1팀,2729.넥센 유니버시티 앞,2250
노원구,도봉2팀,4013. 중계 롯데마트,2252
은평구,상암2팀,915. 증산역 4번출구,2257
송파구,학여울2팀,4465. 건영아파트앞 사거리,2257
양천구,영남1팀,4514. 목동성당 앞,2259
강서구,개화1팀,2722.마곡 문영비지웍스,2260
송파구,천호2팀,4486. 홈플러스 잠실점,2261
용산구,세종로 4팀,818. 숙명여대 입구 교차로,2262
강서구,개화3팀,1132. 등촌역 7번출구,2265
강서구,개화2팀,"5074. 마곡엠밸리14단지 버스정류장(마곡엠밸리11,12단지상가방면)",2267
마포구,상암1팀,153. 성산2교 사거리,2267
노원구,도봉2팀,2908. 광운대학교 중앙도서관,2270
노원구,도봉1팀,1656. 중앙하이츠 아파트 입구,2272
중랑구,중랑3팀,1442. 중랑구 중소기업 창업센터,2272
노원구,도봉1팀,1688. 마들역 7번출구,2275
노원구,도봉2팀,1677. 육군사관학교 앞,2277
은평구,상암3팀,950. 구산역 2번 출구 예일여고 버스정류장,2277
송파구,학여울2팀,1221. 삼전역 4번출구,2278
마포구,상암1팀,108. 서교동 사거리,2279
마포구,상암1팀,104. 합정역 1번출구 앞,2289
강동구,천호1팀,1013. 강동구청역 1번 출입구,2294
광진구,중랑2팀,3506. 영동대교 북단,2296
노원구,도봉1팀,1661. 당현천근린공원,2300
종로구,세종로1팀,308. 광화문 S타워 앞,2302
송파구,학여울2팀,1235. 잠실트리지움310동 옆,2304
노원구,도봉2팀,1619. 중계동 하나프라자빌딩 앞(중1-1),2305
성동구,중랑2팀,578. 성동세무서 부근,2308
송파구,학여울2팀,2619. 석촌고분역 4번출구,2308
양천구,영남1팀,796.목동아파트 14단지 B상가 앞,2312
강동구,천호1팀,3657. 서울천호동우체국,2312
동대문구,훈련원3팀,4125. 회기역 2-①번출구,2312
마포구,상암1팀,4220. 신촌 청년주택,2317
영등포구,영남3팀,225. 앙카라공원 앞,2321
동대문구,훈련원3팀,660. 동의보감타워,2329
종로구,세종로2팀,316. 종각역 1번출구 앞,2331
서초구,이수3팀,2265. 이수고가차도 남단,2331
종로구,훈련원1팀,3413.종로플레이스,2333
용산구,세종로3팀,860.LG한강 자이아파트 앞,2337
성동구,중랑2팀,529. 장한평역 8번 출구 앞,2339
동대문구,훈련원4팀,642. 신답역 사거리,2340
영등포구,영남3팀,226. 샛강역 1번출구 앞,2342
영등포구,영남3팀,220. 미성아파트 A동 앞,2342
노원구,도봉2팀,1616. 하계2동 공항버스정류장 옆,2343
강동구,천호1팀,3664. 맥도날드 서울둔촌DT점 앞,2344
마포구,상암1팀,119. 서강나루 공원,2345
노원구,도봉2팀,2910.도깨비시장,2345
마포구,상암1팀,3009.서교동사거리(신),2352
강서구,개화1팀,1150. 송정역 1번출구,2353
광진구,중랑1팀,593.자양중앙나들목,2354
구로구,천왕1팀,1988. 고척LIGA아파트 앞,2355
성동구,중랑2팀,510. 서울숲 남문 버스정류소 옆,2360
은평구,상암3팀,911. 은평평화공원(역촌역4번출구),2365
송파구,천호2팀,2630.서울방이동 고분군,2371
송파구,천호2팀,2628.문정역 1번출구,2374
양천구,개화4팀,795.양천 해누리타운,2375
성북구,훈련원2팀,1354. 고려대학교 2번출구,2377
강서구,개화3팀,3794. 안양천합수부(현대3차아파트),2377
성북구,훈련원2팀,1306. 한성대입구역2번출구,2378
강동구,천호1팀,1047. 강동 한신휴플러스,2380
양천구,영남1팀,771.목동아파트 703동 앞,2388
성동구,중랑2팀,563. 성동세무서 건너편,2390
강서구,개화2팀,1131. 꿈돌이공원 앞,2391
마포구,상암1팀,493.홍대입구역 6번출구,2397
송파구,천호2팀,1282. 송파소방서 맞은편(성내4교),2400
강서구,개화2팀,1129. 화곡역 1번 출구 앞,2409
금천구,천왕3팀,1824. 독산근린공원 입구,2410
송파구,천호2팀,4464. 올림픽공원 북2문,2415
성북구,훈련원2팀,1381.석계역 4번출구 뒤,2421
도봉구,도봉3팀,1742. 북한산 코오롱 하늘채,2421
영등포구,영남1팀,4553. 당산삼성2차아파트,2422
양천구,개화3팀,766. 신목동역 3번출구,2425
동작구,영남2팀,2013. 장승배기역 5번출구,2427
구로구,천왕2팀,2801. 대륭포스트타워1차,2427
은평구,상암2팀,956. 응암시장교차로,2431
양천구,영남1팀,731. 서울시 도로환경관리센터,2435
광진구,중랑1팀,3517. 용마사거리,2437
양천구,천왕1팀,788.양천구청역 2번출구 옆,2438
영등포구,영남1팀,267. 삼성화재 사옥 옆,2443
관악구,영남2팀,2140. 신림1교 교차로,2450
노원구,도봉2팀,2912.대진고등학교,2451
마포구,상암1팀,148. 용강동 주민센터 앞,2463
광진구,중랑1팀,573. 구의문주차장 앞,2468
마포구,상암1팀,417. DMC역 2번출구 옆,2470
종로구,훈련원1팀,3422.성균관대 정문,2476
종로구,훈련원1팀,362. 청계8가 사거리,2477
강서구,개화2팀,1192. 마곡수명산파크 209동 건너편,2491
서대문구,상암2팀,123. 문화촌 공원,2491
중랑구,중랑3팀,1458. 상봉터미널2,2491
송파구,학여울2팀,4453. 위례중앙푸르지오 201동 앞,2492
강서구,개화1팀,2730.마곡메가박스 앞,2493
광진구,중랑1팀,576. 광나루역 3번 출구,2496
금천구,천왕3팀,3966. 독산역1번출구 옆,2501
영등포구,영남3팀,4568. 영등포로터리,2507
광진구,중랑1팀,539. 군자교교차로,2509
강서구,개화1팀,3788. 정곡나들목,2512
강서구,개화2팀,1126. 우장산역 1번출구옆(우장산아이파크105동앞),2513
광진구,중랑1팀,3582.화양동 우체국,2522
영등포구,영남3팀,203. 국회의사당역 3번출구 옆,2527
송파구,천호2팀,1215. 올림픽공원역 1번출구 앞,2532
영등포구,영남1팀,280. 양평동6차현대아파트 앞,2533
강서구,개화1팀,1111. 마곡엠밸리6_7단지 마곡중학교,2534
은평구,상암3팀,905. 구파발역 2번출구,2534
은평구,상암2팀,912. 응암오거리,2535
성북구,훈련원2팀,1332. 석계역 5번출구 건너편,2544
광진구,중랑1팀,542. 강변역 4번출구 뒤,2546
성동구,중랑2팀,3548.뚝섬역 6번출구,2549
서대문구,상암2팀,175. 홍연2교옆,2550
서대문구,상암2팀,176. 명지대학교 도서관,2555
송파구,학여울2팀,1246. 문정 법조단지10,2558
송파구,천호2팀,4484. 잠실나루역4번출구뒤,2560
강서구,개화3팀,1119. 염창동 한마음아파트 앞,2563
서초구,이수3팀,2217.아크로리버뷰 부지 앞,2566
용산구,세종로3팀,841. 신용산역 1번 출구,2570
강서구,개화2팀,1199. 우장산역 3번출구,2575
마포구,상암1팀,409. 누리꿈스퀘어 옆,2576
광진구,중랑1팀,590. 건국대학교 (입학정보관),2578
강동구,천호1팀,1023. 한국종합기술사옥 앞,2580
종로구,세종로1팀,305. 종로구청 옆,2580
강북구,도봉4팀,1531. 미아사거리 1번 출구,2585
성동구,중랑2팀,3544.한양대역 3번 출구,2591
강서구,개화3팀,1135. 강서구의회,2593
동작구,영남2팀,2059. 보라매공원 정문,2596
성동구,중랑2팀,521. 왕십리역 11번 출구 앞,2603
중랑구,중랑3팀,1449. 상봉역 1번출구,2603
광진구,중랑1팀,3536. 중앙농협(자양동),2608
종로구,세종로2팀,3407.안국동사거리(신),2608
영등포구,영남3팀,214. 금융감독원 앞,2610
성동구,중랑2팀,560. 비전교회 앞,2610
강동구,천호1팀,1077.강동역 1번출구 앞,2615
중구,훈련원1팀,474.동대문역사문화공원역 1번출구 뒤편,2616
마포구,상암1팀,4213. 마포구중앙도서관 정문 앞,2623
송파구,학여울2팀,1220. 잠실근린공원,2633
성북구,훈련원2팀,1351. 안암2교 옆,2637
영등포구,영남1팀,284. 센트럴 푸르지오 시티 앞,2638
노원구,도봉2팀,1655. 공릉1단지아파트,2643
양천구,개화4팀,4515. 동문굿모닝탑,2659
노원구,도봉1팀,1692. 온곡초교 교차로,2662
송파구,천호2팀,4859. 잠실나루 나들목,2665
노원구,도봉2팀,1617. 하계동 중평어린이공원 앞,2671
노원구,도봉1팀,1686. 상계주공10단지 종합상가 앞,2672
마포구,상암1팀,421. 마포구청 앞,2673
동대문구,훈련원4팀,630. 동대문구 보건소,2676
광진구,중랑1팀,501. 광진구의회 앞,2680
영등포구,영남3팀,279. 영등포 푸르지오 아파트,2687
마포구,상암1팀,487.신석초교앞 교차로 교통섬,2694
강남구,이수1팀,2340. 삼호물산버스정류장(23370) 옆,2699
양천구,개화3팀,4531. 목동아파트 613동 앞,2700
강남구,학여울1팀,2306. 압구정역 2번 출구 옆,2705
동작구,영남2팀,2015. 신대방삼거리역 6번출구쪽,2710
동대문구,훈련원3팀,680.꿈마루어린이도서관 앞,2714
영등포구,영남3팀,4592. 신길우성4차아파트,2722
마포구,상암1팀,181. 망원초록길 입구,2726
양천구,영남1팀,723. SBS방송국,2731
양천구,영남1팀,4508. 유원목동아파트 103동 앞,2734
서대문구,상암2팀,194. 증산교 앞,2736
양천구,개화4팀,779. 신정1동 주민센터 앞,2738
성북구,훈련원2팀,1337. 돈암성당 옆,2743
성동구,중랑2팀,4353. 코오롱디지털타워 3차앞,2745
노원구,도봉1팀,1636. 상계주공2단지 버스정류장 옆,2746
송파구,학여울2팀,1205. 종합운동장역 4번출구,2746
송파구,천호2팀,1203. 밀리아나2빌딩 앞,2750
동작구,영남2팀,2080. 대방지하보도(대방동경남아너스빌아파트),2753
성동구,중랑2팀,3513. 상왕십리역 1번출구,2754
성동구,중랑2팀,561. 서울숲역 2번출구 앞,2756
성동구,중랑2팀,525. 한양대병원사거리,2758
서초구,이수3팀,2220. 반포본동 주민센터 앞,2759
강서구,개화1팀,3772. 길성그랑프리텔아파트,2760
송파구,천호2팀,1278. 송파구청 교차로,2761
성북구,훈련원2팀,1363. 보문4교 인근,2778
도봉구,도봉3팀,1720. 도봉구청 옆(중랑천변),2778
중구,세종로 4팀,370. 시청역(2호선) 9번출구 뒤,2791
동대문구,훈련원3팀,612. 시립동부병원 앞 사거리,2795
강서구,개화1팀,1163. 방화동강서기동대앞,2796
송파구,학여울2팀,2637. 아시아지하보도 14번 출구,2798
영등포구,영남3팀,4559. 신길역 2번출구,2800
강서구,개화1팀,1162. 공항초등학교건너편,2803
광진구,중랑1팀,3520. 광진경찰서,2805
송파구,천호2팀,1262. 송파여성문화회관 앞,2811
중랑구,중랑3팀,1438. 홈플러스 신내점 앞,2811
용산구,세종로3팀,829. 베르가모앞,2816
도봉구,도봉3팀,1741. 제일강산수산입구,2817
송파구,학여울2팀,2632.석촌고분역 2번 출구,2819
마포구,상암1팀,130. 신촌역(2호선) 7번출구 앞,2823
강서구,개화1팀,2723.마곡 필네이처,2823
강동구,천호1팀,1002. 해공공원(천호동),2825
송파구,천호2팀,1201. 가락시장역 3번 출구,2826
송파구,학여울2팀,2635.잠실새내역 1번출구,2834
송파구,학여울2팀,4868. 석촌호수 서호 남단,2838
서초구,이수3팀,2264. 이수역 1번출구,2838
양천구,천왕1팀,729. 서부식자재마트 건너편,2842
동대문구,훈련원3팀,613. 신설동역 10번출구 앞,2843
노원구,도봉2팀,1643. 태릉입구역 8번출구,2847
양천구,영남1팀,781.신정보도육교 아래,2848
중구,세종로1팀,4768. 서울도시건축전시관,2852
영등포구,영남1팀,232. 양평우림 이비즈센타 앞,2858
서대문구,상암2팀,133. 해담는다리,2860
영등포구,영남1팀,268. 그랜드컨벤션센터 앞,2861
성동구,중랑2팀,511. 서울숲역 5번 출구 옆,2866
영등포구,영남3팀,215. 여의도고교 앞,2869
강서구,개화2팀,1180. 마곡엠밸리 15단지(1502동) 건너편,2873
영등포구,영남3팀,224. 롯데캐슬 앞,2873
마포구,상암1팀,183. 하늘채코오롱아파트 건너편,2875
구로구,천왕2팀,1986. 태평양물산빌딩,2876
송파구,학여울2팀,2606. 위례동주민센터 맞은편 근린공원,2876
동대문구,훈련원4팀,643. 동대문구민체육센터 (육교아래),2884
종로구,세종로1팀,303. 광화문역 1번출구 앞,2893
영등포구,영남3팀,221. 여의도초교 앞,2897
성북구,훈련원2팀,1328. 월곡역 3번출구,2907
영등포구,영남3팀,222. 시범아파트버스정류장 옆,2911
광진구,중랑1팀,3542. 래미안 구의파크 스위트,2918
강서구,개화1팀,1151. 마곡역1번출구,2920
금천구,천왕3팀,1851. 가산디지털단지 7번출구,2921
종로구,훈련원1팀,3421.혜화역 1번출구,2924
도봉구,도봉3팀,4076. 진영상운 앞 중랑천 변,2925
광진구,중랑1팀,3504. 원일교회,2926
강서구,개화1팀,1102. 방화사거리 마을버스 버스정류장,2928
성북구,훈련원2팀,1321. 국민은행 종암동지점 앞,2928
성동구,중랑2팀,514. 성수사거리 버스정류장 앞,2928
중랑구,중랑3팀,1447. 면목역 3번출구,2942
광진구,중랑1팀,3881. 신자초교입구 교차로,2947
영등포구,영남1팀,287. 영등포전화국사거리 (서강어린이공원),2947
성동구,중랑2팀,587. 유니베라 앞,2948
구로구,천왕2팀,1946. 구로역 광장,2957
양천구,개화3팀,755. 목동1단지아파트 상가 앞,2965
강서구,개화3팀,3769. 증미역 2번출구,2966
도봉구,도봉3팀,4065. 창동역 1번출구 앞,2967
송파구,학여울2팀,2615. 테라타워2,2970
영등포구,영남1팀,291. 문래동 하이테크 시티,2973
강남구,학여울1팀,2348. 포스코사거리(기업은행),2978
광진구,중랑1팀,500. 어린이대공원역 3번출구 앞,2979
강서구,개화1팀,3784. 벽산아파트,2980
강북구,도봉4팀,1512. 강북중학교 앞,2991
강동구,천호1팀,1029. 성내어울터,2994
송파구,천호1팀,2611. 송파지역자활센터 뒤,2994
광진구,중랑1팀,540. 군자역 7번출구 베스트샵 앞,3000
용산구,세종로3팀,837. 한남나들목 입구,3012
구로구,천왕2팀,1904. 도림천역 1번 출구 앞,3015
강동구,천호1팀,1078.둔촌사거리,3017
은평구,상암2팀,913. 이마트 버스정류장(서부경찰서 방면),3019
강서구,개화1팀,1103. 방화역 4번출구앞,3021
송파구,학여울2팀,1244. 문정 법조단지8,3021
양천구,개화4팀,4509. 서울영상고교 입구,3026
관악구,영남2팀,2113. 관악동작견인차량보관소,3027
강동구,천호1팀,1010. 강동세무서,3029
양천구,개화3팀,735. 영도초등학교,3037
동작구,영남2팀,2058. 동작경찰서,3039
광진구,중랑1팀,3579.광진 캠퍼스시티,3040
양천구,개화3팀,744. 신목동역 2번 출구,3043
종로구,훈련원1팀,3410.종로3가역 8번출구,3044
송파구,학여울2팀,1243. 문정 법조단지7,3045
영등포구,영남1팀,4574. 영등포시장역 포레나영등포,3047
강북구,도봉4팀,1503. 이디야 커피 수유역점 앞,3059
양천구,영남1팀,791.현대하이페리온,3059
구로구,천왕2팀,1914. 대림역4번출구,3060
동대문구,훈련원4팀,623. 서울시립대 정문 앞,3060
강서구,개화1팀,1195. 코오롱One&Only타워,3064
양천구,영남1팀,797.목동아파트 1422동 1434동 사잇길,3064
영등포구,영남1팀,236. 문래동자이아파트 앞,3070
영등포구,영남1팀,3202.당산롯데캐슬프레스티지,3072
마포구,상암1팀,154. 마포구청역,3074
강남구,학여울1팀,3627. 압구정나들목,3076
노원구,도봉2팀,2921.중계역 2번출구,3087
강서구,개화1팀,1197. 엠펠리체 호텔 건너편,3092
양천구,개화4팀,704. 남부법원검찰청 교차로,3098
동대문구,훈련원3팀,614. 용두동 사거리,3099
노원구,도봉1팀,1662. 노원역7번출구,3105
서초구,이수1팀,2255.시민의숲역 1번출구 옆,3119
영등포구,영남1팀,275. 신동아아파트,3140
강서구,개화2팀,1182. KBS 스포츠월드,3146
강서구,개화1팀,2719.마곡문화공원,3148
강동구,천호1팀,1084. 윤선생빌딩(JYP사옥),3168
송파구,천호2팀,4864. 송파사거리,3177
강동구,천호1팀,3668. 성내삼성아파트,3183
광진구,중랑1팀,551. 구의삼성쉐르빌 앞,3189
마포구,상암1팀,497.합정동주민센터 앞,3203
동대문구,훈련원3팀,659. 제기역1번출구,3203
송파구,천호2팀,4452. 삼성SDS,3206
송파구,학여울2팀,4483. 잠실나들목4,3208
종로구,세종로1팀,302. 경복궁역 4번출구 뒤,3214
송파구,천호2팀,1248. 방이초등학교,3217
마포구,상암1팀,498.연남동주민센터 앞,3218
광진구,중랑1팀,584. 광진광장 교통섬,3227
중랑구,중랑3팀,1451. 중랑세무서,3227
동대문구,훈련원3팀,677.청량리역 4번 5번출구 사이,3229
강북구,도봉4팀,1569.수유역2번출구,3230
광진구,중랑1팀,548. 자양나들목,3232
동대문구,훈련원4팀,648. 장안동위더스빌옆,3234
강동구,천호1팀,1024. 강동구청 앞,3236
중랑구,중랑3팀,1414. 사가정역 2번출구,3237
영등포구,영남3팀,209. 유진투자증권빌딩 앞,3238
강동구,천호1팀,3680. 강동역3번출구,3242
영등포구,영남1팀,243. 이앤씨드림타워 앞,3243
강동구,천호1팀,1011. LIGA 아파트 앞,3244
동대문구,훈련원4팀,4122. 청계9가교차로 앞,3249
종로구,훈련원1팀,342. 대학로 마로니에공원,3257
노원구,도봉2팀,2915.서울과학기술대학교(어학교육원),3257
마포구,상암1팀,114. 홍대입구역 8번출구 앞,3274
광진구,중랑1팀,592. 건국대학교 학생회관,3275
광진구,중랑1팀,3500. 군자역2번출구,3279
영등포구,영남3팀,278. 쌍용플레티넘오피스텔,3282
관악구,영남2팀,2176. 보라매공원 보도육교,3288
금천구,천왕3팀,1827. 독산보도육교 앞 자전거 보관소,3288
영등포구,영남3팀,4564. 63스퀘어,3301
노원구,도봉2팀,1663. 동해문화예술관앞,3308
마포구,상암1팀,415. DMC역 9번출구 앞,3310
영등포구,영남1팀,245. 삼성생명 당산사옥 앞,3319
영등포구,영남3팀,205. 산업은행 앞,3322
중랑구,중랑3팀,1452. 겸재교 진입부,3324
서대문구,상암2팀,131. 증산2교,3325
강서구,개화3팀,1157. 강서구청,3335
관악구,영남2팀,2107. 도림천 신화교,3337
강동구,천호1팀,3681. 길동 마루빌딩,3341
마포구,상암1팀,4233. 코오롱아파트사거리,3350
영등포구,영남3팀,213. KT앞,3355
광진구,중랑1팀,588. 뚝섬 유원지역,3358
영등포구,영남3팀,217. NH농협은행 앞,3359
노원구,도봉2팀,4029. 청소년수련관 후문,3369
성동구,중랑2팀,512. 뚝섬역 1번 출구 옆,3370
강서구,개화3팀,3780. 등촌서광아파트,3385
영등포구,영남1팀,283. 아크로타워 스퀘어(영등포시장),3386
구로구,천왕2팀,1955. 디지털입구 교차로,3391
송파구,학여울2팀,2601. 석촌호수 아뜰리에,3399
강서구,개화3팀,1118. 증미역 3번출구뒤(등촌두산위브센티움오피스텔),3400
도봉구,도봉3팀,1721. 창동역 2번출구,3407
강서구,개화3팀,2704.홈플러스(강서점),3407
금천구,천왕2팀,1867.대륭포스트타워6차 앞,3408
용산구,세종로3팀,825. 서빙고동 주민센터 앞,3419
양천구,영남1팀,764. 목동청소년수련관,3421
송파구,학여울2팀,1232. 잠실주공 521동 건너편,3423
영등포구,영남3팀,201. 진미파라곤 앞,3428
송파구,천호2팀,4865. 한성백제역 1번출구 뒤,3432
광진구,중랑1팀,505. 자양사거리 광진아크로텔 앞,3433
성동구,중랑2팀,568. 청계8가사거리 부근,3439
광진구,중랑1팀,549. 아차산역 3번출구,3440
영등포구,영남3팀,206. KBS 앞,3449
종로구,훈련원1팀,393. 동대문역 8번 출구,3457
동대문구,훈련원3팀,670.삼육서울병원 버스정류장,3464
마포구,상암1팀,184. 7번가피자 서교망원점,3491
송파구,학여울2팀,2623.석촌동 주민센터,3502
동대문구,훈련원4팀,668.서울축산농협(장안지점),3503
강서구,개화2팀,1184. 마곡13단지,3514
양천구,천왕1팀,787.양천아파트 입구,3516
성동구,중랑2팀,3514. 왕십리교회옆,3518
양천구,개화4팀,734. 신트리공원 입구,3525
송파구,학여울2팀,2641.송파역 4번출구,3526
양천구,영남1팀,780.신정교 하부,3537
강서구,개화2팀,2739.수명산파크1단지교차로,3538
강서구,개화3팀,1173. 강서구청사거리(SH타워),3539
양천구,개화3팀,746. 목동2단지 상가,3541
노원구,도봉2팀,1650. 중계근린공원내,3554
강서구,개화3팀,2708.강서한강자이타워 앞,3555
양천구,개화3팀,726. 목동3단지 시내버스정류장,3557
마포구,상암1팀,419. 홈플러스 앞,3572
노원구,도봉2팀,4046. 경춘선 숲길,3573
영등포구,영남3팀,276. 영등포로터리2,3578
강동구,천호1팀,1090.상일동역 2번출구 앞,3578
광진구,중랑1팀,3575. 자양사거리(서원빌딩),3579
강서구,개화3팀,3789. 염창나들목,3581
송파구,천호2팀,1251. 석촌역 2번출구,3587
송파구,학여울2팀,2646.레이크펠리스101동앞,3594
강남구,학여울2팀,2377. 수서역 5번출구,3613
송파구,천호2팀,4481. 올림픽공원 북2문 2,3624
송파구,학여울2팀,1293. 석촌호수 서호 사거리,3624
강서구,개화1팀,"1191. 마곡역 버스정류장(마곡나루역1번출구, 웰튼병원 방면)",3628
구로구,천왕2팀,1996. 구일역 1번 출입구 앞,3629
송파구,천호2팀,1209. 잠실나루역 (2번 출구 쪽),3630
마포구,상암1팀,418. 월드컵경기장역 3번출구 옆,3636
영등포구,영남3팀,219. 롯데캐슬엠파이어 옆,3640
구로구,천왕2팀,2824.미래사랑어린이공원 앞,3643
광진구,중랑1팀,3570.구의역 리버비스타 오피스텔,3654
영등포구,영남1팀,229. 양평1 보행육교 앞,3655
송파구,천호2팀,2610. 송리단길,3660
영등포구,영남1팀,227. 양평2나들목 보행통로 입구,3668
동대문구,훈련원4팀,641. 용두역 4번출구,3671
강서구,개화2팀,2733.마곡13단지 정문 앞,3685
노원구,도봉2팀,4027. 한내 행복발전소 옆,3696
은평구,상암3팀,906. 연신내역 5번출구,3698
광진구,중랑1팀,3501. 광진구청 앞,3698
동대문구,훈련원3팀,634. 외국어대 정문 앞,3706
송파구,학여울2팀,1231. 잠실역 6번출구,3714
송파구,학여울2팀,2647.잠실 자전거 수리센터 앞,3716
동작구,영남2팀,2050. 노량진역 5번출구,3724
강서구,개화3팀,1122. 황금내근린공원,3726
마포구,상암1팀,144. 공덕역 8번출구,3727
영등포구,영남1팀,4561. 양평역 1번출구,3728
은평구,상암2팀,996.응암역2번출구 국민은행 앞,3732
강서구,개화1팀,2720.힐스테이트에코,3735
노원구,도봉2팀,1610. 화랑대역 2번출구 앞,3741
노원구,도봉2팀,1608. 공릉역 1번 출구 앞,3746
광진구,중랑1팀,3509. 세종사이버대학교,3750
성동구,중랑2팀,3552.서울숲 공영주차장앞,3754
송파구,천호2팀,1218. 방이역 4번출구,3756
강서구,개화1팀,2744.강서세무서 앞,3767
관악구,영남2팀,2109. 은천로입구 가로공원,3775
영등포구,영남1팀,263. 근로자회관 사거리,3785
영등포구,영남1팀,240. 문래역 4번출구 앞,3803
송파구,천호2팀,1297. 석촌호수교차로(동호 팔각정 앞),3811
강동구,천호1팀,1019. 다성이즈빌아파트(호원대 대각선 맞은편),3813
마포구,상암1팀,3002.벽산상암스마트큐브,3844
송파구,천호2팀,4457. 아산병원 기숙사 부근,3850
마포구,상암1팀,146. 마포역 2번출구 뒤,3856
강서구,개화2팀,5052. 마곡역 7번출구,3857
강남구,이수3팀,2301. 현대고등학교 건너편,3861
광진구,중랑1팀,574. 아차산역4번출구,3866
영등포구,영남1팀,293. 충북 미래관,3869
강동구,천호1팀,1020. 강동경찰서,3898
강서구,개화1팀,1106. 신방화사거리,3901
종로구,세종로1팀,458. 광화문역 5번출구,3901
은평구,상암3팀,931. 역촌파출소,3903
강서구,개화2팀,1167. 마곡수명산파크3단지 교차로,3904
강서구,개화3팀,1117. 등촌5단지아파트 버스정류장,3950
송파구,학여울2팀,2639.석촌역 8번출구,3950
종로구,훈련원1팀,361. 동묘앞역 1번출구 뒤,3953
성북구,훈련원2팀,1355. 보문2교,3963
마포구,상암1팀,103. 망원역 2번출구 앞,3997
은평구,상암2팀,914. 새절역 2번출구,4004
중구,훈련원1팀,431. 청계천 영도교,4008
광진구,중랑1팀,3571.화양 APT(횡단보도 옆),4033
노원구,도봉1팀,1674. 서울북부고용센터앞,4045
영등포구,영남1팀,4571. 문래동롯데캐슬아파트,4065
노원구,도봉2팀,1684. 태릉입구역 5번출구,4066
광진구,중랑1팀,3534. 건대입구역 5번출구 뒤,4100
강서구,개화1팀,2721.등촌1-10단지 교차로,4111
중구,훈련원1팀,383. 신당역 12번 출구 뒤,4116
강서구,개화1팀,1193. 마곡센트럴타워 1차,4134
동대문구,훈련원4팀,631. 답십리역 1번출구,4143
강서구,개화1팀,2717.LG유플러스 마곡사옥,4157
노원구,도봉1팀,1653. 노원역1번출구,4190
양천구,영남1팀,708. 서울출입국관리사무소 앞,4198
마포구,상암1팀,147. 마포역 4번출구 뒤,4208
강동구,천호1팀,1008. 암사역 3번출구(국민은행앞),4208
서초구,이수3팀,"4330. 반포한강공원입구,씨티21옆",4228
서대문구,상암2팀,117. 홍은사거리,4233
송파구,천호2팀,2621. 한성백제역 2번 출구,4238
강서구,개화2팀,1125. 명덕고교입구(영종빌딩),4272
강동구,천호1팀,1044. 굽은다리역,4291
동작구,이수2팀,2025. 흑석역 1번출구,4304
영등포구,영남3팀,259. 대방역6번출구,4329
구로구,천왕2팀,1985. 구로도서관,4331
송파구,천호2팀,1268. 몽촌토성역 1번출구 옆,4345
노원구,도봉2팀,2919.등나무 근린공원(시립북서울미술관 앞),4366
강서구,개화1팀,1166. 강서구립등빛도서관,4370
송파구,천호1팀,1264. 천호역 10번 출구 앞,4370
강서구,개화2팀,1152. 마곡역교차로,4394
관악구,영남2팀,2135. 신림역 5번출구,4410
성동구,중랑2팀,3559.성동구민종합체육센터 앞,4500
송파구,학여울2팀,2613. 잠실나들목,4504
강서구,개화1팀,1149. 신방화역환승주차장,4521
마포구,상암1팀,102. 망원역 1번출구 앞,4535
강서구,개화1팀,1112. 마곡엠밸리4단지 정문,4537
마포구,상암1팀,186. 월드컵공원,4589
노원구,도봉2팀,1601. 석계역 문화광장 내 자전거 보관소,4612
강동구,천호1팀,1050. 둔촌역 3번 출입구,4632
영등포구,영남3팀,248. 초원아파트 앞,4653
용산구,세종로3팀,870.노들섬 서측 앞,4663
양천구,영남1팀,703. 오목교역 7번출구 앞,4682
양천구,영남1팀,769.CBS방송국 앞,4695
용산구,세종로3팀,853.용산역 맞은편,4721
노원구,도봉2팀,1611. 과기대 입구(우),4730
성동구,중랑2팀,585. 성수2가1동 공영주차장 인근,4760
영등포구,영남1팀,262. 영문초등학교 사거리,4790
양천구,영남1팀,792.목동트라팰리스 웨스턴에비뉴,4795
동대문구,훈련원4팀,602. 장안동 사거리,4803
성동구,중랑2팀,509. 이마트 버스정류소 옆,4858
양천구,개화4팀,"785.양천구청, 보건소 사잇길",4859
광진구,중랑1팀,3541. 커먼그라운드,4931
노원구,도봉1팀,1625. 상계역(4번출구),4964
송파구,천호2팀,4870. 몽촌토성역 3번 출구,4966
영등포구,영남1팀,4565. 영등포 신세계백화점,4985
광진구,중랑1팀,3518. 군자역 7번출구뒤,4991
강서구,개화2팀,3798. 그랜드아이파크아파트 앞,4993
마포구,상암1팀,3010.홍대입구역 3번출구,5057
구로구,천왕1팀,1925. 동양미래대학교 정문 옆,5072
성동구,중랑2팀,567. 성수역 2번출구 앞,5136
영등포구,영남3팀,249. 여의도중학교 옆,5241
광진구,중랑1팀,3569.건대병원후문,5244
영등포구,영남1팀,228. 선유도역 3번출구 앞,5245
송파구,학여울2팀,1222. 잠실새내역 5번 출구 뒤,5284
노원구,도봉1팀,1637. KT 전화국 버스정류장 옆,5318
서초구,이수3팀,2262. 한신16차아파트 119동 앞,5366
성동구,중랑2팀,3600.사근빗물펌프장 건너편,5387
마포구,상암1팀,106. 합정역 7번출구 앞,5409
동대문구,훈련원4팀,646. 장한평역 1번출구,5443
강서구,개화1팀,1160. 양천향교역 7번출구앞,5512
성동구,중랑2팀,589. 성수역3번출구,5623
강동구,천호1팀,1009. 천호역4번출구(현대백화점),5651
구로구,천왕2팀,3904. 테크노마트 앞,5815
관악구,영남2팀,2183. 동방1교,5833
동작구,영남2팀,2002. 노들역 1번출구,5891
영등포구,영남3팀,274. 영등포역지하쇼핑센타 5번출구,5891
송파구,천호2팀,1211. 방이삼거리,5921
강서구,개화2팀,1124. 발산역 6번 출구 뒤,5990
마포구,상암1팀,113. 홍대입구역 2번출구 앞,6009
송파구,천호2팀,2620. 송파나루역 4번 출구옆,6047
송파구,천호2팀,1295. 잠실역 8번출구,6132
양천구,영남1팀,765. 오목교역 3번출구,6137
은평구,상암2팀,907. CJ 드림시티,6175
성북구,훈련원2팀,1308. 안암로터리 버스정류장 앞,6351
영등포구,영남3팀,202. 국민일보 앞,6375
영등포구,영남1팀,230. 영등포구청역 1번출구,6422
성동구,중랑2팀,3511. 응봉역 1번출구,6426
송파구,천호2팀,2608. 송파구청,6440
성동구,중랑2팀,3515. 서울숲 관리사무소,6480
관악구,영남2팀,2173. 당곡사거리,6492
서초구,이수3팀,"2219. 고속터미널역 8-1번, 8-2번 출구 사이",6707
성동구,중랑2팀,565. 옥수역 3번출구,6918
강서구,개화3팀,1158. 가양역 8번출구,7183
양천구,영남1팀,770.목동역5번출구 교통정보센터 앞,7391
강서구,개화1팀,2728.마곡나루역 3번 출구,7465
구로구,천왕2팀,1906. 신도림역 1번 출구 앞,7655
구로구,천왕2팀,1911. 구로디지털단지역 앞,7732
강서구,개화1팀,"1153. 발산역 1번, 9번 인근 대여소",7925
광진구,중랑1팀,3533. 건대입구역 사거리(롯데백화점),7950
영등포구,영남1팀,247. 당산역 10번출구 앞,8054
강서구,개화1팀,2701. 마곡나루역 5번출구 뒤편,8395
송파구,천호2팀,2622. 올림픽공원역 3번출구,9044
관악구,영남2팀,2177. 신대방역 2번 출구,9150
영등포구,영남1팀,272. 당산육갑문,9355
영등포구,영남3팀,210. IFC몰,10877
관악구,영남2팀,2102. 봉림교 교통섬,11060
송파구,천호2팀,1210. 롯데월드타워(잠실역2번출구 쪽),11117
강서구,개화1팀,2715.마곡나루역 2번 출구,12962
마포구,상암1팀,4217. 한강공원 망원나들목,17282
광진구,중랑1팀,502. 뚝섬유원지역 1번출구 앞,18598
영등포구,영남3팀,207. 여의나루역 1번출구 앞,20291
